1.000000000 0.000000000 0.000000000 0.000000000 0.000000000 1.000000000 0.000000000 0.000000000 0.000000000 0.000000000 1.000000000 0.000000000
0.999997139 -0.001588169 0.001778432 0.000043054 0.001588534 0.999998689 -0.000203310 0.000162507 -0.001778107 0.000206134 0.999998391 0.000042689
0.999991119 -0.002022197 0.003705227 0.000088119 0.002020664 0.999997854 0.000417574 0.000077586 -0.003706063 -0.000410083 0.999993026 -0.000266324
0.999983728 -0.002362975 0.005192449 0.000126559 0.002360489 0.999997079 0.000484883 0.000101503 -0.005193579 -0.000472619 0.999986410 -0.000528042
0.999972880 -0.001961869 0.007102743 0.000092922 0.001958364 0.999997973 0.000500362 0.000154531 -0.007103710 -0.000486439 0.999974668 -0.000339634
0.999957919 -0.003185978 0.008604831 0.000204296 0.003178017 0.999994516 0.000938734 0.000341772 -0.008607775 -0.000911348 0.999962509 -0.000923399
0.999933481 -0.004856408 0.010459081 0.000182958 0.004833770 0.999985933 0.002188703 0.000205881 -0.010469563 -0.002138000 0.999942899 -0.000662665
0.999907434 -0.004638584 0.012790180 0.000177607 0.004607368 0.999986351 0.002469023 0.000209818 -0.012801458 -0.002409865 0.999915183 -0.000870949
0.999874115 -0.004998523 0.015058504 0.000253677 0.004959018 0.999984145 0.002659644 0.000445619 -0.015071561 -0.002584633 0.999883056 -0.001498843
0.999832332 -0.005963581 0.017313030 0.000332835 0.005908987 0.999977410 0.003202834 0.000413602 -0.017331738 -0.003099995 0.999844968 -0.001535782
0.999757707 -0.008582397 0.020270117 0.000452041 0.008500547 0.999955356 0.004120709 0.000755226 -0.020304577 -0.003947403 0.999786019 -0.003054311
0.999722183 -0.005831424 0.022838788 0.000501945 0.005716348 0.999970675 0.005100701 0.000544936 -0.022867862 -0.004968730 0.999726176 -0.002872323
0.999641716 -0.006644689 0.025927439 0.000352353 0.006513159 0.999965489 0.005154127 0.000547748 -0.025960792 -0.004983411 0.999650538 -0.003223382
0.999583006 -0.006262045 0.028189553 0.000506324 0.006106113 0.999965608 0.005614257 0.000522647 -0.028223740 -0.005439788 0.999586821 -0.003379881
0.999490082 -0.005894115 0.031382825 0.000531909 0.005705198 0.999965072 0.006105902 0.000420591 -0.031417716 -0.005923743 0.999488771 -0.003810911
0.999435186 -0.005979922 0.033069115 0.000753890 0.005780743 0.999964595 0.006115451 0.000174780 -0.033104513 -0.005920833 0.999434352 -0.003640495
0.999353766 -0.001682197 0.035905648 0.000705242 0.001467443 0.999980867 0.006006582 -0.000129131 -0.035915066 -0.005950011 0.999337137 -0.003689886
0.999269068 -0.001683252 0.038191002 0.001083061 0.001483862 0.999985099 0.005248611 0.000235010 -0.038199272 -0.005188104 0.999256670 -0.004657918
0.999164879 -0.001513473 0.040832043 0.000768179 0.001321743 0.999987960 0.004722171 0.000222948 -0.040838696 -0.004664257 0.999154866 -0.003313133
0.999040008 -0.002176868 0.043753494 0.000841974 0.001941346 0.999983430 0.005424692 0.000116326 -0.043764576 -0.005334544 0.999027610 -0.004261708
0.998990357 -0.001324101 0.044905894 0.001507963 0.001084651 0.999985039 0.005356198 0.000068566 -0.044912312 -0.005302083 0.998976886 -0.005635914
0.998833954 0.000209853 0.048277531 0.001133685 -0.000355870 0.999995410 0.003015970 0.000600810 -0.048276674 -0.003029634 0.998829424 -0.005413122
0.998689473 -0.001139812 0.051166426 0.001203413 0.000858341 0.999984384 0.005522727 0.000254017 -0.051171925 -0.005471571 0.998674870 -0.006606464
0.998630226 0.001768200 0.052293077 0.001665627 -0.002070937 0.999981403 0.005735610 -0.000112771 -0.052281965 -0.005836049 0.998615324 -0.007835656
0.998520017 -0.000727946 0.054380022 0.001306595 0.000330439 0.999973178 0.007318432 -0.000500205 -0.054383893 -0.007289631 0.998493493 -0.007207152
0.998464763 -0.000243793 0.055389725 0.001562494 -0.000212566 0.999966085 0.008233014 -0.000620061 -0.055389855 -0.008232149 0.998430848 -0.007603327
0.998338223 -0.000191293 0.057626132 0.001091534 -0.000206464 0.999976218 0.006896335 0.000046700 -0.057626080 -0.006896772 0.998314440 -0.006645952
0.998265743 0.000218001 0.058868442 0.001209560 -0.000486899 0.999989510 0.004553478 0.000990756 -0.058866832 -0.004574244 0.998255372 -0.007637247
0.998190701 -0.001854123 0.060099438 0.000846238 0.001578901 0.999988079 0.004626614 0.000914112 -0.060107298 -0.004523352 0.998181701 -0.007480219
0.998149931 -0.003812901 0.060681071 0.000795817 0.003572086 0.999985337 0.004076515 0.001384955 -0.060695723 -0.003852215 0.998148859 -0.008168514
0.998168707 -0.001559024 0.060471151 0.001052316 0.001207591 0.999982178 0.005847683 0.000993550 -0.060479186 -0.005763950 0.998152792 -0.008535745
0.998127878 -0.002250769 0.061120316 0.001000476 0.001912528 0.999982536 0.005591955 0.001148131 -0.061131835 -0.005464592 0.998114765 -0.009038883
0.998100936 -0.003711269 0.061487745 0.000830644 0.003352572 0.999976754 0.005935777 0.001207207 -0.061508346 -0.005718362 0.998090208 -0.008464511
0.998129427 -0.001200991 0.061124574 0.000754345 0.000895556 0.999987006 0.005024069 0.000952450 -0.061129812 -0.004959930 0.998117507 -0.007497225
0.998143435 -0.001309960 0.060893431 0.000831813 0.000953415 0.999982238 0.005883917 0.001004160 -0.060900059 -0.005814936 0.998126924 -0.007782989
0.998116255 0.000302203 0.061350226 0.000859911 -0.000551329 0.999991655 0.004043829 0.001410063 -0.061348494 -0.004070035 0.998108089 -0.007981900
0.998096526 -0.001398476 0.061655283 0.000895328 0.001037428 0.999982119 0.005887536 0.001141422 -0.061662417 -0.005812366 0.998080134 -0.008614728
0.998097062 -0.002479481 0.061612550 0.000682111 0.002113706 0.999979734 0.006001167 0.000965651 -0.061626185 -0.005859517 0.998082101 -0.007132325
0.998064697 -0.002915435 0.062115844 0.000829953 0.002529717 0.999977052 0.006287399 0.001153354 -0.062132750 -0.006118096 0.998049140 -0.008574767
0.998120487 -0.003252543 0.061196160 0.000808453 0.002859283 0.999974728 0.006512693 0.000823735 -0.061215792 -0.006325475 0.998104513 -0.008062098
0.998064935 0.003038995 0.062106393 0.000847334 -0.003291252 0.999986768 0.003959789 0.001107376 -0.062093537 -0.004156534 0.998061657 -0.008454393
0.998136997 0.003664277 0.060902406 0.000988403 -0.003949295 0.999981821 0.004560207 0.000840204 -0.060884587 -0.004792233 0.998133302 -0.007204378
0.998106599 -0.001956943 0.061476752 0.000737385 0.001619067 0.999983311 0.005545333 0.000957177 -0.061486579 -0.005435298 0.998093128 -0.007152144
0.998118699 0.003162941 0.061229315 0.000855397 -0.003394624 0.999987483 0.003680193 0.001222802 -0.061216906 -0.003881120 0.998116970 -0.007365003
0.998102248 -0.002459127 0.061529081 0.000803624 0.002162844 0.999985754 0.004881473 0.001353850 -0.061540209 -0.004739132 0.998093367 -0.008738097
0.998086214 0.005269488 0.061612707 0.000855291 -0.005401779 0.999983430 0.001980769 0.001493665 -0.061601251 -0.002309796 0.998098195 -0.007940416
0.998175204 0.002218357 0.060343221 0.000557091 -0.002352933 0.999994874 0.002159205 0.001255853 -0.060338121 -0.002297249 0.998175323 -0.005823275
0.998128057 -0.001884728 0.061129794 0.000376616 0.001693247 0.999993503 0.003184025 0.001506390 -0.061135396 -0.003074557 0.998124719 -0.006673660
0.998231590 0.000469665 0.059442576 0.001016688 -0.000687561 0.999993145 0.003645262 0.001164822 -0.059440453 -0.003679686 0.998225093 -0.007625384
0.998212934 -0.000567963 0.059754170 0.001019666 0.000278860 0.999988198 0.004846429 0.001296884 -0.059756219 -0.004821104 0.998201370 -0.009474680
0.998258650 0.000445584 0.058987308 0.000968374 -0.000804427 0.999981344 0.006059774 0.001293039 -0.058983505 -0.006096673 0.998240352 -0.009412173
0.998301029 -0.000586957 0.058263972 0.000910073 0.000219825 0.999980092 0.006307385 0.001216267 -0.058266517 -0.006283861 0.998281300 -0.008875774
0.998330176 -0.001600388 0.057743758 0.000890861 0.001220988 0.999977469 0.006605102 0.001194134 -0.057753026 -0.006523568 0.998309612 -0.008297480
0.998393059 -0.004403800 0.056497160 0.000790276 0.004012260 0.999967158 0.007041831 0.001082123 -0.056526314 -0.006803834 0.998377919 -0.007658778
0.998424530 -0.003145126 0.056023221 0.001133092 0.002789767 0.999975502 0.006420156 0.001450343 -0.056042038 -0.006253750 0.998408854 -0.009481992
0.998494387 -0.002771911 0.054784346 0.000875714 0.002373369 0.999970257 0.007338469 0.001202171 -0.054803059 -0.007197396 0.998471260 -0.008008072
0.998529553 -0.000477653 0.054207724 0.000594983 0.000119650 0.999978185 0.006607349 0.001291815 -0.054209694 -0.006591148 0.998507798 -0.007336456
0.998553455 0.000006146 0.053768031 0.000651365 -0.000388323 0.999974728 0.007097443 0.001419013 -0.053766631 -0.007108056 0.998528242 -0.007863409
0.998630702 0.000340969 0.052312519 0.000708252 -0.000786399 0.999963641 0.008494440 0.001183933 -0.052307718 -0.008523948 0.998594642 -0.006971765
0.998737812 -0.000473022 0.050224576 0.001463523 -0.000106803 0.999933362 0.011541341 0.000412207 -0.050226692 -0.011532139 0.998671234 -0.008243602
0.998731971 0.000053026 0.050343886 0.001295688 -0.000607202 0.999939382 0.010992578 0.000723730 -0.050340250 -0.011009208 0.998671472 -0.008892028
0.998796701 0.003975751 0.048881214 0.001163175 -0.004462691 0.999941468 0.009856599 0.000716633 -0.048839167 -0.010062880 0.998755991 -0.007378946
0.998854101 0.001298351 0.047841042 0.000917022 -0.001828755 0.999937356 0.011044697 0.000841559 -0.047823705 -0.011119531 0.998793900 -0.007191420
0.998896480 0.001707949 0.046934783 0.000968090 -0.002277811 0.999924302 0.012090766 0.000495598 -0.046910580 -0.012184332 0.998824775 -0.007488399
0.998995602 0.003506002 0.044671100 0.000866683 -0.004051508 0.999918282 0.012126911 0.000324057 -0.044624932 -0.012295716 0.998928130 -0.005718142
0.999024808 0.000443270 0.044150218 0.000999714 -0.001081627 0.999895215 0.014435891 0.000171106 -0.044139192 -0.014469568 0.998920619 -0.007550739
0.999051690 0.000131740 0.043539695 0.000967020 -0.000661016 0.999926090 0.012142003 0.001085124 -0.043534875 -0.012159269 0.998977900 -0.008381537
0.999162734 0.001287997 0.040891763 0.000938105 -0.001823429 0.999913037 0.013059308 0.000929412 -0.040871385 -0.013122938 0.999078214 -0.006297128
0.999212623 0.002473421 0.039598677 0.000951722 -0.003008671 0.999904871 0.013462966 0.000808896 -0.039561607 -0.013571505 0.999124944 -0.006015811
0.999261439 -0.000075020 0.038426157 0.000864824 -0.000496203 0.999889553 0.014855715 0.000787671 -0.038423024 -0.014863811 0.999150991 -0.006608538
0.999285042 0.005197042 0.037449237 0.000624469 -0.005714630 0.999889433 0.013727287 0.000810381 -0.037373755 -0.013931480 0.999204218 -0.005282667
0.999366760 0.003403625 0.035419066 0.000690288 -0.003974757 0.999863029 0.016067086 0.000608288 -0.035359528 -0.016197694 0.999243379 -0.004773657
0.999364972 0.004809355 0.035306048 0.000609580 -0.005441037 0.999826431 0.017817374 0.000105890 -0.035214230 -0.017998161 0.999217689 -0.006394606
0.999435782 0.002617909 0.033485960 0.000590829 -0.003296149 0.999790192 0.020215303 -0.000046936 -0.033426013 -0.020314271 0.999234736 -0.007311637
0.999519408 0.002527726 0.030896910 0.001093490 -0.003128376 0.999806762 0.019407578 0.000735569 -0.030841881 -0.019494906 0.999334157 -0.007396726
0.999540329 0.003506756 0.030114278 0.001048998 -0.004084310 0.999808490 0.019138701 0.000801216 -0.030041397 -0.019252900 0.999363244 -0.007475401
0.999559402 0.003927709 0.029421451 0.000813086 -0.004480299 0.999814332 0.018739553 0.000997537 -0.029342385 -0.018863114 0.999391437 -0.007155981
0.999585748 0.005964748 0.028156586 0.000715477 -0.006499681 0.999799371 0.018945383 0.000796368 -0.028037934 -0.019120544 0.999423981 -0.005446394
0.999636412 0.007896830 0.025782013 0.001040770 -0.008417197 0.999761760 0.020137552 0.000351966 -0.025616849 -0.020347243 0.999464750 -0.005201452
0.999643683 0.010179644 0.024675602 0.001098168 -0.010684671 0.999734342 0.020421958 0.000435498 -0.024461159 -0.020678332 0.999486923 -0.006784892
0.999704480 0.009834515 0.022232715 0.001300915 -0.010319528 0.999708951 0.021806860 0.000038257 -0.022011783 -0.022029847 0.999514937 -0.007115966
0.999728382 0.008114475 0.021847680 0.000880068 -0.008551542 0.999763668 0.019986624 0.000737660 -0.021680336 -0.020168027 0.999561489 -0.006328797
0.999770641 0.009519711 0.019185524 0.001006806 -0.009932734 0.999718428 0.021548759 0.000384555 -0.018974984 -0.021734381 0.999583721 -0.005155182
0.999799073 0.009163829 0.017829465 0.000934521 -0.009553736 0.999714375 0.021907801 0.000582382 -0.017623613 -0.022073736 0.999601007 -0.005029917
0.999838710 0.006547270 0.016724139 0.000765446 -0.006940251 0.999698579 0.023548871 0.000561697 -0.016564919 -0.023661144 0.999582767 -0.005369426
0.999868453 0.005105411 0.015395426 0.000748604 -0.005482672 0.999683261 0.024562968 0.000783118 -0.015265146 -0.024644144 0.999579728 -0.006745598
0.999858558 0.010650122 0.013018640 0.001074704 -0.010983175 0.999607205 0.025784770 -0.000039973 -0.012738915 -0.025924109 0.999582767 -0.006412475
0.999905109 0.010783606 0.008575324 0.002027368 -0.011005370 0.999594867 0.026248284 -0.000115989 -0.008288798 -0.026340168 0.999618649 -0.006815989
0.999943256 0.007397811 0.007663209 0.001601720 -0.007600133 0.999614120 0.026718063 0.000093079 -0.007462597 -0.026774788 0.999613643 -0.006884427
0.999942541 0.007879430 0.007272385 0.000898148 -0.008060514 0.999649525 0.025216097 0.000704536 -0.007071147 -0.025273265 0.999655545 -0.005845347
0.999975979 0.005316277 0.004444145 0.001581614 -0.005431978 0.999635637 0.026441038 0.000257717 -0.004301958 -0.026464544 0.999640524 -0.008018983
0.999995649 0.001204721 0.002682506 0.001072299 -0.001274217 0.999659598 0.026058149 0.000651378 -0.002650200 -0.026061455 0.999656856 -0.007168228
0.999987900 0.004921756 -0.000017775 0.000934392 -0.004920128 0.999737918 0.022357155 0.001151835 0.000127807 -0.022356797 0.999750018 -0.005893511
0.999996483 0.001239609 -0.002338588 0.000790712 -0.001182142 0.999701142 0.024416627 0.000591414 0.002368156 -0.024413778 0.999699116 -0.005784429
0.999980152 0.003116320 -0.005475595 0.000598159 -0.002981597 0.999696791 0.024442628 0.000296001 0.005550105 -0.024425818 0.999686241 -0.004149735
0.999965429 0.003130181 -0.007706128 0.000567503 -0.002944658 0.999708354 0.023969617 0.000398042 0.007778910 -0.023946097 0.999682963 -0.004352831
0.999946475 0.002458809 -0.010049157 0.000719191 -0.002213953 0.999702156 0.024304694 0.000721491 0.010105925 -0.024281146 0.999654114 -0.005757819
0.999908745 0.001444804 -0.013429974 0.000779500 -0.001118352 0.999704480 0.024283493 0.000591435 0.013461091 -0.024266258 0.999614894 -0.005119714
0.999875724 0.000258062 -0.015761228 0.000564387 0.000144219 0.999674380 0.025516974 0.000425788 0.015762681 -0.025516076 0.999550104 -0.005210179
0.999808431 -0.000814325 -0.019555530 0.000532779 0.001309765 0.999678135 0.025335599 0.000372060 0.019528605 -0.025356358 0.999487698 -0.003628826
0.999728203 0.003674696 -0.023021661 0.000542842 -0.003072394 0.999653459 0.026143357 0.000021654 0.023109753 -0.026065521 0.999393106 -0.002957314
0.999643385 0.003137150 -0.026518818 0.000594909 -0.002419461 0.999631107 0.027052257 -0.000114691 0.026593901 -0.026978448 0.999282181 -0.003067154
0.999546826 0.003955615 -0.029841611 0.000853261 -0.003153800 0.999634027 0.026868416 -0.000074134 0.029936971 -0.026762124 0.999193430 -0.003273401
0.999450564 0.002500495 -0.033050768 0.000444690 -0.001657367 0.999673128 0.025512923 0.000231975 0.033103760 -0.025444128 0.999127984 -0.002018020
0.999343216 0.006900149 -0.035574224 0.000188152 -0.005975380 0.999643147 0.026036579 -0.000273225 0.035741184 -0.025806909 0.999027789 -0.001169240
0.999214828 0.004877244 -0.039318796 0.000270172 -0.003861516 0.999657929 0.025867803 -0.000080747 0.039431509 -0.025695663 0.998891830 -0.000615744
0.999118030 0.004702439 -0.041726224 0.000380826 -0.003559304 0.999617457 0.027428210 -0.000168840 0.041839242 -0.027255503 0.998752534 -0.002014656
0.998941660 0.002822933 -0.045908861 0.000067504 -0.001586507 0.999635637 0.026946349 -0.000078682 0.045968201 -0.026844995 0.998582125 -0.000280921
0.998767018 0.002229406 -0.049592759 0.000575718 -0.000859911 0.999618173 0.027619028 -0.000143700 0.049635395 -0.027542330 0.998387575 -0.001640625
0.998589694 -0.001644046 -0.053064868 0.000590198 0.003130900 0.999604464 0.027948609 -0.000288359 0.052997932 -0.028075334 0.998199880 -0.001709479
0.998410344 0.000800464 -0.056357414 -0.000043807 0.000688904 0.999651134 0.026402805 -0.000184220 0.056358889 -0.026399657 0.998061478 0.000960692
0.998271763 0.005749273 -0.058483280 -0.000182298 -0.004317812 0.999688685 0.024573399 -0.000217644 0.058606353 -0.024278410 0.997985840 0.001519330
0.998133898 0.005860226 -0.060780138 -0.000030037 -0.004432254 0.999711514 0.023602318 -0.000158284 0.060900927 -0.023288881 0.997872114 0.000633220
0.997951627 0.005639098 -0.063723058 -0.000042397 -0.004205714 0.999735594 0.022605753 -0.000292857 0.063833684 -0.022291444 0.997711599 0.000590055
0.997738898 0.007755210 -0.066760145 -0.000154225 -0.006425085 0.999776959 0.020115653 -0.000272743 0.066901267 -0.019641230 0.997566283 0.001184117
0.997475684 0.005603483 -0.070787273 -0.000246794 -0.004249986 0.999805450 0.019256793 -0.000269701 0.070881411 -0.018907338 0.997305572 0.001544133
0.997196198 0.005938248 -0.074594848 -0.000272193 -0.004576737 0.999819934 0.018409805 -0.000376443 0.074690752 -0.018016789 0.997044027 0.001750070
0.996873379 0.005432404 -0.078827985 -0.000363503 -0.003994085 0.999822795 0.018392514 -0.000309065 0.078913927 -0.018020162 0.996718645 0.002347628
0.996563554 0.006542434 -0.082572371 -0.000392329 -0.005003903 0.999810219 0.018825749 -0.000380096 0.082679875 -0.018347874 0.996407270 0.002483509
0.996212065 0.004430988 -0.086844407 -0.000646273 -0.002798713 0.999817312 0.018908167 -0.000485125 0.086912334 -0.018593492 0.996042490 0.003382227
0.995841265 0.002277394 -0.091076538 -0.000847892 -0.000599314 0.999829590 0.018448047 -0.000257015 0.091103032 -0.018316742 0.995673120 0.004588715
0.995473683 0.001674772 -0.095023118 -0.001173602 0.000093414 0.999826968 0.018600460 -0.000249804 0.095037833 -0.018525146 0.995301306 0.006253341
0.995146811 -0.000736099 -0.098397218 -0.001020550 0.002637773 0.999812126 0.019197807 -0.000191567 0.098364606 -0.019364191 0.994962096 0.005299437
0.994779825 -0.000309984 -0.102043875 -0.001073237 0.002347166 0.999800324 0.019844325 -0.000276723 0.102017350 -0.019980252 0.994581997 0.005201668
0.994316041 -0.000976858 -0.106464200 -0.001740593 0.003075766 0.999804020 0.019552287 -0.000366482 0.106424242 -0.019768612 0.994124353 0.008364130
0.993920386 0.000230925 -0.110101089 -0.001535736 0.001917905 0.999809742 0.019410586 -0.000275247 0.110084631 -0.019503739 0.993730843 0.007880547
0.993594766 0.001038468 -0.112997018 -0.001825737 0.001183091 0.999807358 0.019591499 -0.000426071 0.112995595 -0.019599700 0.993402243 0.008524778
0.993184924 -0.001551156 -0.116538763 -0.001608922 0.003971269 0.999781132 0.020537278 -0.000321283 0.116481394 -0.020860121 0.992973745 0.008128729
0.992704272 -0.003229779 -0.120530725 -0.001842468 0.005854012 0.999753356 0.021424592 -0.000376371 0.120431788 -0.021973871 0.992478371 0.009487078
0.992320061 -0.003250754 -0.123654641 -0.001808377 0.006059607 0.999731958 0.022345988 -0.000292217 0.123548858 -0.022923669 0.992073715 0.009556285
0.991904795 -0.004780746 -0.126893774 -0.001876771 0.007827184 0.999692798 0.023520030 -0.000411876 0.126742333 -0.024322852 0.991637528 0.009628256
0.991575241 -0.002666557 -0.129504055 -0.001977910 0.005841735 0.999691427 0.024144320 -0.000424884 0.129399702 -0.024697438 0.991284966 0.009834657
0.991138697 -0.002986270 -0.132797107 -0.002161999 0.006283432 0.999682069 0.024416445 -0.000555643 0.132681966 -0.025034506 0.990842462 0.010592772
0.990890205 -0.002839793 -0.134642273 -0.002181099 0.006201292 0.999679327 0.024553344 -0.000596512 0.134529352 -0.025164625 0.990590036 0.010600626
0.990560949 -0.002430648 -0.137051791 -0.002281902 0.005850986 0.999681294 0.024559207 -0.000585545 0.136948422 -0.025129281 0.990259409 0.011070116
0.990282416 -0.002742449 -0.139043182 -0.002266972 0.006273078 0.999668837 0.024960449 -0.000577128 0.138928652 -0.025590122 0.989971757 0.011029609
0.989897192 -0.003854002 -0.141734362 -0.002543797 0.007333659 0.999684215 0.024036407 -0.000190148 0.141596958 -0.024833001 0.989612818 0.011957593
0.989641309 -0.001845996 -0.143549845 -0.002470240 0.005543415 0.999662995 0.025361365 -0.000667918 0.143454611 -0.025894415 0.989318132 0.011326617
0.989224732 0.000315039 -0.146404460 -0.002641456 0.003449190 0.999670029 0.025456596 -0.000748231 0.146364167 -0.025687272 0.988897264 0.012253819
0.988724172 -0.000600934 -0.149746761 -0.002664893 0.004622955 0.999637842 0.026512168 -0.000764196 0.149676576 -0.026905492 0.988368869 0.012698685
0.988430500 -0.000043321 -0.151674762 -0.003121641 0.004186165 0.999626815 0.026994787 -0.000668823 0.151617005 -0.027317405 0.988061786 0.013691147
0.988050759 0.002113139 -0.154114515 -0.003072602 0.002100354 0.999628603 0.027172064 -0.001043976 0.154114708 -0.027171075 0.987679303 0.013946331
0.987580359 0.000718290 -0.157112390 -0.003048486 0.003684583 0.999608696 0.027730668 -0.000922242 0.157070816 -0.027965164 0.987191319 0.013739921
0.987126529 0.000343555 -0.159940660 -0.003318808 0.004053413 0.999622762 0.027164191 -0.000867386 0.159889638 -0.027462799 0.986752868 0.015419076
0.986818254 0.003850150 -0.161786094 -0.003186049 0.000351336 0.999663651 0.025932755 -0.000618943 0.161831498 -0.025647761 0.986485064 0.015069097
0.986757398 0.004551511 -0.162138432 -0.003962690 -0.000412412 0.999673426 0.025552707 -0.000674738 0.162201762 -0.025147460 0.986437082 0.015884824
0.986409307 0.006193283 -0.164190397 -0.003761133 -0.002092593 0.999681890 0.025136421 -0.000871934 0.164293855 -0.024451217 0.986108363 0.015521993
0.986041546 0.008116008 -0.166301757 -0.003540959 -0.004218419 0.999708354 0.023776695 -0.001003481 0.166446239 -0.022743274 0.985788226 0.015406312
0.985798359 0.010632201 -0.167596877 -0.003354267 -0.006888779 0.999713957 0.022901470 -0.001153416 0.167792454 -0.021421691 0.985589564 0.014294098
0.985310495 0.012547106 -0.170310915 -0.003556053 -0.008919565 0.999717176 0.022048019 -0.001230226 0.170539379 -0.020205045 0.985143721 0.015300818
0.984966636 0.014257368 -0.172154948 -0.003530846 -0.010808835 0.999722064 0.020952426 -0.001099895 0.172405824 -0.018776646 0.984847069 0.015090633
0.984662950 0.015858229 -0.173745289 -0.003746062 -0.012727631 0.999736249 0.019117774 -0.000686782 0.174002603 -0.016613198 0.984605074 0.014778881
0.984061122 0.016274456 -0.177083656 -0.003196949 -0.012894971 0.999712408 0.020218352 -0.001057599 0.177361771 -0.017612608 0.983988106 0.013789732
0.983818650 0.017605299 -0.178299874 -0.003501708 -0.014123985 0.999684393 0.020775711 -0.001115579 0.178609356 -0.017921226 0.983756840 0.014658318
0.983257294 0.019924508 -0.181130141 -0.003730329 -0.016330253 0.999639452 0.021313323 -0.001363055 0.181489497 -0.017998582 0.983228147 0.015460827
0.982881188 0.024905050 -0.182548672 -0.003739354 -0.021606224 0.999565840 0.020037863 -0.001356497 0.182968438 -0.015750654 0.982992589 0.015253941
0.982568026 0.024796447 -0.184242040 -0.003401749 -0.021629792 0.999582171 0.019177740 -0.001259312 0.184640557 -0.014858320 0.982693732 0.014483307
0.982142866 0.023713455 -0.186636209 -0.003944159 -0.020192850 0.999580920 0.020742239 -0.002188861 0.187049866 -0.016603127 0.982210159 0.015920276
0.981985092 0.025338881 -0.187252387 -0.005081933 -0.022251083 0.999579787 0.018573888 -0.002030395 0.187644392 -0.014072710 0.982136190 0.017459624
0.981550574 0.026155969 -0.189405546 -0.005041241 -0.023394043 0.999585092 0.016803531 -0.001943272 0.189766437 -0.012062551 0.981755137 0.017547371
0.981216192 0.025183499 -0.191259995 -0.005179289 -0.022540566 0.999618173 0.015981965 -0.001944936 0.191589460 -0.011370653 0.981409252 0.017670026
0.980940223 0.024261139 -0.192789316 -0.005220064 -0.021510661 0.999635041 0.016347440 -0.002148596 0.193115562 -0.011888836 0.981103957 0.017781820
0.980785847 0.021931015 -0.193850711 -0.005306505 -0.019183580 0.999687314 0.016038999 -0.001973568 0.194141835 -0.012012074 0.980899930 0.017845480
0.980683982 0.022257745 -0.194328278 -0.005346168 -0.019493898 0.999679863 0.016123574 -0.002088464 0.194624931 -0.012023915 0.980804026 0.017902538
0.980596423 0.022480678 -0.194744021 -0.005243829 -0.019765953 0.999678552 0.015872281 -0.001983939 0.195038244 -0.011715000 0.980725646 0.017786259
0.980433106 0.020784931 -0.195752174 -0.005575133 -0.018130381 0.999717891 0.015343066 -0.002109457 0.196015850 -0.011493787 0.980533361 0.019169353
0.980690897 0.019668262 -0.194572389 -0.005566897 -0.017524589 0.999765277 0.012732748 -0.001992541 0.194777161 -0.009077088 0.980805457 0.019025261
0.980809510 0.018668383 -0.194072857 -0.005926555 -0.016618010 0.999787629 0.012187785 -0.002391487 0.194259167 -0.008728792 0.980911374 0.020152612
0.981090128 0.018377697 -0.192677230 -0.005922893 -0.016611610 0.999803901 0.010777660 -0.002353545 0.192837507 -0.007373177 0.981203020 0.020182360
0.981356680 0.018100474 -0.191341072 -0.006109348 -0.016531438 0.999815345 0.009793473 -0.002504260 0.191483006 -0.006447749 0.981474698 0.020574603
0.981674135 0.017804887 -0.189733773 -0.005962444 -0.016314659 0.999822557 0.009413438 -0.002558524 0.189867705 -0.006145484 0.981790483 0.020318085
0.982169449 0.014558494 -0.187432945 -0.005719794 -0.013383147 0.999882042 0.007534723 -0.002100489 0.187520549 -0.004891930 0.982248485 0.019217018
0.982186139 0.012301822 -0.187507212 -0.006093513 -0.011134742 0.999911547 0.007276205 -0.002371912 0.187580094 -0.005058748 0.982236207 0.020846410
0.982520938 0.011405703 -0.185802177 -0.005810976 -0.010310126 0.999923348 0.006861654 -0.002090053 0.185866192 -0.004826075 0.982563198 0.019768598
0.982666075 0.010135903 -0.185107544 -0.005868537 -0.008939013 0.999933362 0.007299348 -0.002201436 0.185169205 -0.005518148 0.982691109 0.020026181
0.982910573 0.010339504 -0.183793068 -0.005856781 -0.009357699 0.999936998 0.006208446 -0.002123910 0.183845654 -0.004382469 0.982945323 0.019989740
0.983099341 0.007631055 -0.182913736 -0.005945020 -0.006603692 0.999958813 0.006225076 -0.002135136 0.182953730 -0.004911964 0.983109236 0.020061558
0.983357310 0.007433876 -0.181529462 -0.005794589 -0.006359097 0.999958575 0.006501990 -0.001995235 0.181570306 -0.005239418 0.983363986 0.019465204
0.983427942 0.006472355 -0.181183651 -0.005745815 -0.005428010 0.999965608 0.006259274 -0.002020530 0.181217954 -0.005172078 0.983429313 0.019551724
0.983608365 0.008178959 -0.180132180 -0.005663331 -0.007218959 0.999956012 0.005984327 -0.001904362 0.180173188 -0.004585868 0.983624220 0.019433875
0.983733058 0.008118464 -0.179453015 -0.005488618 -0.007147547 0.999956131 0.006056345 -0.001883276 0.179494321 -0.004675179 0.983747840 0.018825153
0.983797133 0.008719376 -0.179073572 -0.005439580 -0.007908688 0.999954998 0.005240522 -0.001840695 0.179111212 -0.003739376 0.983821690 0.018568447
0.983740032 0.008120104 -0.179414615 -0.005647726 -0.007305950 0.999959767 0.005198125 -0.001900853 0.179449633 -0.003802812 0.983759701 0.019247135
0.983712494 0.006788819 -0.179621071 -0.005533812 -0.006038627 0.999970615 0.004723000 -0.001752113 0.179647848 -0.003561410 0.983724535 0.019071916
0.983747244 0.006814709 -0.179429695 -0.005798415 -0.005997820 0.999969065 0.005094801 -0.001680461 0.179458842 -0.003935810 0.983757555 0.019482061
0.983822763 0.006787990 -0.179016113 -0.005595324 -0.005944254 0.999968588 0.005249155 -0.001597571 0.179046139 -0.004100122 0.983832061 0.018605441
0.983818710 0.007246225 -0.179020315 -0.005635206 -0.006383283 0.999965072 0.005395918 -0.001618065 0.179053172 -0.004165868 0.983830571 0.018717233
0.983759046 0.006636570 -0.179371193 -0.005553115 -0.005625882 0.999965310 0.006142703 -0.001826895 0.179405764 -0.005033821 0.983762264 0.018852130
0.983822525 0.008851307 -0.178927705 -0.005655188 -0.007990338 0.999952793 0.005531922 -0.001872145 0.178968251 -0.004012737 0.983846605 0.019074112
0.983720958 0.006771917 -0.179574609 -0.005473667 -0.005801457 0.999965549 0.005928825 -0.001832546 0.179608569 -0.004790514 0.983726442 0.018783782
0.983688116 0.007659305 -0.179718852 -0.005632089 -0.006939101 0.999965191 0.004635717 -0.001616305 0.179748103 -0.003313011 0.983707011 0.019501017
0.983773530 0.007669134 -0.179250076 -0.005676133 -0.006740295 0.999960542 0.005790251 -0.001886148 0.179287389 -0.004488099 0.983786464 0.019170882
0.983860850 0.008573012 -0.178729340 -0.005456063 -0.007634809 0.999953210 0.005936449 -0.001942775 0.178771868 -0.004476075 0.983880281 0.018224817
0.983752608 0.006141119 -0.179424033 -0.005506589 -0.005137138 0.999968350 0.006059674 -0.001815626 0.179455563 -0.005039494 0.983753145 0.018693913
0.983737707 0.007336468 -0.179460585 -0.005670389 -0.006461519 0.999964178 0.005459490 -0.001811728 0.179494217 -0.004211119 0.983749986 0.019236097
0.983762145 0.007673232 -0.179312930 -0.005658755 -0.006769983 0.999961138 0.005648672 -0.001903710 0.179349303 -0.004343004 0.983775854 0.019314216
0.983800292 0.008663462 -0.179058328 -0.005615165 -0.007774496 0.999953747 0.005665797 -0.001913639 0.179099143 -0.004181928 0.983822048 0.019175358
0.983958840 0.009731402 -0.178130105 -0.005482754 -0.008974328 0.999946952 0.005055370 -0.002086069 0.178169876 -0.003375678 0.983993888 0.018583486
0.983954310 0.009828245 -0.178149685 -0.005607107 -0.009323807 0.999949813 0.003668556 -0.001933116 0.178176790 -0.001948660 0.983996511 0.019067664
0.984020174 0.011425238 -0.177689984 -0.005505324 -0.011102572 0.999934375 0.002810135 -0.001948935 0.177710444 -0.000792415 0.984082460 0.018845083
0.984147906 0.011185756 -0.176996857 -0.005371563 -0.010786116 0.999936581 0.003219907 -0.001894251 0.177021667 -0.001259758 0.984206200 0.018074533
0.984104514 0.011140141 -0.177240491 -0.005556315 -0.010899451 0.999937892 0.002331581 -0.001694078 0.177255467 -0.000362698 0.984164774 0.018725744
0.983976185 0.005952171 -0.178200603 -0.005583889 -0.006426400 0.999977231 -0.002084112 -0.001866037 0.178184137 0.003195904 0.983991981 0.019202001
0.984078348 0.007549078 -0.177575186 -0.005459288 -0.008120444 0.999963880 -0.002491042 -0.001885319 0.177550003 0.003893368 0.984104037 0.018794926
0.983997881 0.005553112 -0.178093880 -0.005447282 -0.005974159 0.999980390 -0.001827991 -0.001809309 0.178080261 0.002862701 0.984011710 0.018972361
0.983968735 0.005871712 -0.178244263 -0.005595548 -0.006388740 0.999976814 -0.002326831 -0.001699825 0.178226471 0.003428280 0.983983457 0.019479450
0.984014750 0.005576721 -0.177999422 -0.005669150 -0.005979423 0.999980569 -0.001726037 -0.001954810 0.177986354 0.002762778 0.984028995 0.019347679
0.983993769 0.003878335 -0.178160742 -0.005630584 -0.004270490 0.999989212 -0.001817703 -0.001893820 0.178151727 0.002549443 0.983999729 0.019069314
0.984086514 0.003581861 -0.177653983 -0.005529367 -0.003909548 0.999991357 -0.001494525 -0.002056152 0.177647084 0.002165286 0.984091818 0.018397709
0.983905435 0.001660862 -0.178682134 -0.005714444 -0.002190225 0.999993801 -0.002765380 -0.002127469 0.178676426 0.003112225 0.983902991 0.019236714
0.983859062 -0.001075414 -0.178941652 -0.005737098 0.000281176 0.999989986 -0.004463829 -0.002032215 0.178944662 0.004341466 0.983849525 0.019339124
0.983690560 -0.003683929 -0.179831177 -0.005682801 0.002666035 0.999979019 -0.005901655 -0.001985542 0.179849148 0.005325966 0.983679771 0.019451233
0.983671546 -0.005530024 -0.179888353 -0.005649742 0.004051196 0.999954939 -0.008587137 -0.001763001 0.179927766 0.007718159 0.983649552 0.019191949
0.983561933 -0.007813456 -0.180401906 -0.005857903 0.005972174 0.999924421 -0.010747477 -0.001945576 0.180472255 0.009493418 0.983534217 0.019688876
0.983370841 -0.015190477 -0.180972710 -0.006131758 0.012831738 0.999816835 -0.014197366 -0.001590064 0.181155235 0.011639081 0.983385623 0.020067003
0.983234525 -0.017866630 -0.181468278 -0.005799546 0.015099438 0.999747753 -0.016619094 -0.001733045 0.181719437 0.013600398 0.983256400 0.019861095
0.983087003 -0.021561431 -0.181865305 -0.006081278 0.018223280 0.999633729 -0.020006360 -0.001666635 0.182230085 0.016353814 0.983119845 0.020923909
0.983090937 -0.023996849 -0.181538701 -0.005874865 0.020353723 0.999552727 -0.021904750 -0.001688199 0.181983173 0.017839372 0.983139813 0.020339856
0.983036458 -0.027180616 -0.181384802 -0.005698808 0.023186913 0.999440551 -0.024102502 -0.001713380 0.181938469 0.019487884 0.983116686 0.019978005
0.983280957 -0.028404683 -0.179865688 -0.005634752 0.024088498 0.999368131 -0.026136044 -0.001702774 0.180494413 0.021366378 0.983343840 0.019405402
0.983470321 -0.029535215 -0.178644419 -0.005545413 0.025097676 0.999319017 -0.027049748 -0.001557141 0.179321662 0.022119068 0.983541787 0.018820379
0.983562291 -0.029001590 -0.178225055 -0.005654911 0.024203494 0.999285281 -0.029037556 -0.001648230 0.178939804 0.024246572 0.983561099 0.019228403
0.983761787 -0.025476424 -0.177661821 -0.005474821 0.020248981 0.999308825 -0.031175202 -0.001634054 0.178333238 0.027071504 0.983597636 0.018961044
0.983955622 -0.024787765 -0.176682919 -0.005606273 0.018937312 0.999217570 -0.034722634 -0.001474766 0.177405357 0.030819628 0.983655095 0.018966740
0.984225869 -0.019516673 -0.175836354 -0.005919604 0.013256375 0.999238074 -0.036707640 -0.001935273 0.176418796 0.033797652 0.983734727 0.019788999
0.984472692 -0.017280012 -0.174685270 -0.005735631 0.010539855 0.999166429 -0.039438985 -0.001898974 0.175221145 0.036985442 0.983834088 0.019245436
0.984626591 -0.014272247 -0.174088046 -0.005428406 0.006848713 0.999044299 -0.043168858 -0.001948269 0.174537763 0.041312933 0.983783424 0.018652238
0.984923899 -0.014919288 -0.172343507 -0.005179982 0.007143803 0.998932004 -0.045648690 -0.001860505 0.172840506 0.043729305 0.983978510 0.017820796
0.985152900 -0.012129599 -0.171250015 -0.005200048 0.003735447 0.998779237 -0.049254343 -0.001753800 0.171638384 0.047883365 0.983995616 0.017698133
0.985240817 -0.010617111 -0.170843929 -0.005126831 0.001721131 0.998638570 -0.052134883 -0.001796276 0.171164855 0.051071372 0.983917773 0.017831199
0.985366464 -0.007553463 -0.170281887 -0.005403684 -0.001814571 0.998496056 -0.054792218 -0.002244839 0.170439661 0.054299399 0.983870804 0.018497450
0.985449195 -0.007715585 -0.169795513 -0.004961421 -0.002206743 0.998304129 -0.058170751 -0.001744465 0.169956431 0.057699002 0.983760893 0.017365936
0.985553384 -0.008654309 -0.169143572 -0.005342239 -0.002052445 0.998009980 -0.063022703 -0.002039148 0.169352397 0.062459391 0.983574331 0.018064570
0.985589802 -0.009536602 -0.168884248 -0.005247973 -0.001515902 0.997871399 -0.065194711 -0.001952605 0.169146523 0.064511247 0.983477235 0.017768094
0.985510290 -0.012231361 -0.169173941 -0.005300690 0.000901601 0.997760117 -0.066886358 -0.002217191 0.169613168 0.065764658 0.983313978 0.018150862
0.985545158 -0.010121254 -0.169110268 -0.005065229 -0.001823606 0.997522116 -0.070329390 -0.002130227 0.169403076 0.069621168 0.983084679 0.017732840
0.985356390 -0.014526039 -0.169887990 -0.004547067 0.001204500 0.996932626 -0.078255221 -0.001929908 0.170503616 0.076904640 0.982351363 0.016403597
0.985195875 -0.016588448 -0.170628130 -0.004855661 0.002758663 0.996712506 -0.080971934 -0.002011384 0.171410397 0.079302512 0.982002795 0.017254243
0.984935999 -0.019254623 -0.171843827 -0.004808864 0.003566673 0.995831907 -0.091137573 -0.001858005 0.172882378 0.089151762 0.980899394 0.016936239
0.984954119 -0.021343883 -0.171493024 -0.004679137 0.004831629 0.995356917 -0.096131355 -0.001451082 0.172748581 0.093856372 0.980483949 0.016192444
0.984982073 -0.016817341 -0.171835676 -0.004900845 -0.000600958 0.994905055 -0.100814864 -0.002096299 0.172655612 0.099404089 0.979953468 0.016979460
0.984682858 -0.023452865 -0.172770679 -0.004932417 0.005108578 0.994367301 -0.105865374 -0.001910942 0.174280375 0.103361197 0.979256272 0.017099705
0.984611809 -0.023727631 -0.173137233 -0.004457051 0.004682456 0.993965805 -0.109589696 -0.001801433 0.174692780 0.107092619 0.978781700 0.015986701
0.984278858 -0.029743621 -0.174098909 -0.004118740 0.008985596 0.992874503 -0.118825279 -0.001761828 0.176392689 0.115392819 0.977532685 0.015507214
0.984125555 -0.032701731 -0.174434632 -0.004193102 0.010917026 0.992170393 -0.124413192 -0.001673147 0.177137434 0.120533898 0.976777375 0.015623176
0.983796477 -0.036452025 -0.175544411 -0.004019990 0.012756726 0.990863681 -0.134262174 -0.001799236 0.178834692 0.129847273 0.975273311 0.015292251
0.983562410 -0.039589155 -0.176174909 -0.003938602 0.014909084 0.990142882 -0.139264524 -0.001988471 0.179951698 0.134348735 0.974457741 0.015302653
0.983423114 -0.042559635 -0.176260352 -0.004145535 0.015900625 0.988560915 -0.149981290 -0.001956359 0.180627257 0.144692421 0.972850382 0.015705815
0.983522952 -0.043032281 -0.175587088 -0.004292778 0.015537469 0.987784088 -0.155052125 -0.002230051 0.180114374 0.149769157 0.972176969 0.015693735
0.983328164 -0.046513051 -0.175789818 -0.004100262 0.018314518 0.987149417 -0.158747241 -0.002003329 0.180914626 0.152881145 0.971543849 0.015452735
0.983106077 -0.050530985 -0.175923049 -0.004072929 0.021293804 0.986185551 -0.164269924 -0.001989793 0.181793466 0.157748684 0.970601141 0.015426064
0.983053565 -0.052638192 -0.175598398 -0.004269195 0.022772288 0.985533714 -0.167941988 -0.002110080 0.181898326 0.161097184 0.970031321 0.015761990
0.982971072 -0.054574963 -0.175469249 -0.004247560 0.023551892 0.984421313 -0.174240932 -0.001945144 0.182244867 0.167141169 0.968943059 0.016012583
0.982837021 -0.056863312 -0.175493598 -0.004185201 0.024851393 0.983447909 -0.179478049 -0.001933353 0.182794556 0.172036380 0.967982352 0.015846504
0.982699394 -0.059278339 -0.175464854 -0.004059186 0.026639402 0.982784629 -0.182824746 -0.001828102 0.183281675 0.174987525 0.967361033 0.015645679
0.982710123 -0.059779681 -0.175234392 -0.004182725 0.025957409 0.981578350 -0.189288348 -0.001807568 0.183321849 0.181466967 0.966158807 0.015977453
0.982865214 -0.059412271 -0.174487904 -0.003681615 0.025063461 0.980914414 -0.192817688 -0.001565146 0.182613432 0.185140550 0.965595961 0.014314066
0.982749641 -0.061481398 -0.174422309 -0.003637531 0.025344197 0.978998542 -0.202285990 -0.001758013 0.183195993 0.194375917 0.963668644 0.014080950
0.982908785 -0.060710128 -0.173794597 -0.004150890 0.023533648 0.977749407 -0.208452180 -0.001773861 0.182582706 0.200799495 0.962467253 0.015364335
0.982688308 -0.064399123 -0.173713341 -0.004031531 0.026658366 0.977035642 -0.211402118 -0.002021731 0.183338195 0.203111500 0.961838305 0.015110995
0.982514918 -0.066814378 -0.173781946 -0.003749755 0.028021280 0.975824237 -0.216752946 -0.001568308 0.184062853 0.208093464 0.960634112 0.014771257
0.983008802 -0.061200716 -0.173055068 -0.003773026 0.022007015 0.975274682 -0.219897747 -0.001775350 0.182234094 0.212353021 0.960050464 0.014656346
0.983045816 -0.060373150 -0.173135594 -0.003932700 0.020425133 0.974418163 -0.223812193 -0.001749821 0.182218730 0.216481343 0.959131002 0.014885748
0.983034968 -0.059552278 -0.173481137 -0.003751460 0.018879190 0.973652422 -0.227254242 -0.001822772 0.182443842 0.220123678 0.958258748 0.014889820
0.983092189 -0.059086584 -0.173316076 -0.003848107 0.017588224 0.972601414 -0.231812626 -0.001545463 0.182264462 0.224844873 0.957196176 0.014879011
0.983112931 -0.057877798 -0.173605964 -0.003716522 0.016175481 0.972438574 -0.232597321 -0.001639670 0.182283342 0.225861296 0.956953228 0.014456628
0.983200490 -0.055564456 -0.173865587 -0.003381950 0.013335633 0.971860886 -0.235177740 -0.001623633 0.182040721 0.228908285 0.956275225 0.013812120
0.983031988 -0.056054704 -0.174659967 -0.003436411 0.013465968 0.971648097 -0.236047149 -0.001901652 0.182939589 0.229689926 0.955916166 0.013973477
0.983065128 -0.053150371 -0.175379708 -0.003208799 0.009598548 0.970637083 -0.240356952 -0.001405122 0.183005095 0.234603137 0.954709709 0.013516465
