1.000000000 0.000000000 0.000000000 0.000000000 0.000000000 1.000000000 0.000000000 0.000000000 0.000000000 0.000000000 1.000000000 0.000000000
0.999998987 0.000805411 -0.001156333 -0.000048758 -0.000805528 0.999999642 -0.000100701 -0.000196911 0.001156251 0.000101632 0.999999344 0.000375245
0.999986768 0.004488511 -0.002515122 -0.000003646 -0.004488762 0.999989927 -0.000094379 -0.000042684 0.002514673 0.000105668 0.999996841 0.000459403
0.999987781 0.000221883 -0.004935514 -0.000050521 -0.000218639 0.999999762 0.000657930 0.000011941 0.004935659 -0.000656842 0.999987602 0.000334204
0.999968708 0.005649433 -0.005533069 -0.000287908 -0.005645941 0.999983847 0.000646558 -0.000434898 0.005536633 -0.000615298 0.999984503 0.000322500
0.999942064 0.006399809 -0.008653115 -0.000005842 -0.006398777 0.999979496 0.000146875 -0.000066124 0.008653878 -0.000091497 0.999962568 0.000015219
0.999926984 0.004802316 -0.011090349 -0.000179773 -0.004801071 0.999988437 0.000138925 0.000029632 0.011090889 -0.000085669 0.999938488 0.000687548
0.999902129 0.005906275 -0.012683314 -0.000064266 -0.005890371 0.999981821 0.001290889 -0.000118816 0.012690708 -0.001216054 0.999918759 0.000141608
0.999864101 0.007957393 -0.014438138 -0.000116649 -0.007957013 0.999968350 0.000083793 0.000395530 0.014438348 0.000031103 0.999895751 0.001011508
0.999860108 0.005813848 -0.015681820 -0.000258153 -0.005754969 0.999976218 0.003797126 0.000003110 0.015703524 -0.003706346 0.999869823 0.000369109
0.999799728 0.007163460 -0.018685795 -0.000029220 -0.007090444 0.999966979 0.003970947 0.000146711 0.018713623 -0.003837661 0.999817491 0.001238103
0.999747396 0.007444337 -0.021205600 0.000070182 -0.007347107 0.999962151 0.004659356 0.000347270 0.021239484 -0.004502379 0.999764264 0.000777797
0.999701560 0.008618884 -0.022858815 -0.000186194 -0.008516245 0.999953210 0.004583685 0.000173412 0.022897251 -0.004387646 0.999728203 0.001267562
0.999644339 0.010259465 -0.024616076 -0.000019120 -0.010139043 0.999936044 0.005011846 0.000275704 0.024665920 -0.004760480 0.999684393 0.000838542
0.999573171 0.010264183 -0.027350780 -0.000217584 -0.010075014 0.999924421 0.007045276 -0.000032790 0.027421026 -0.006766709 0.999601066 0.001431317
0.999497473 0.011283882 -0.029622633 -0.000085240 -0.011049957 0.999906540 0.008048703 -0.000139483 0.029710686 -0.007717329 0.999528766 0.001270696
0.999404788 0.014872942 -0.031125836 -0.000115246 -0.014675312 0.999870718 0.006568244 0.000031974 0.031219503 -0.006107554 0.999493897 0.001438929
0.999253690 0.018343557 -0.033993397 -0.000155107 -0.018195201 0.999823570 0.004668492 0.000377351 0.034073036 -0.004046491 0.999411166 0.002133062
0.999200225 0.016656939 -0.036352128 -0.000097265 -0.016409436 0.999840200 0.007096263 0.000116091 0.036464520 -0.006494069 0.999313831 0.001675855
0.999139786 0.017498862 -0.037595585 -0.000656180 -0.017145621 0.999805987 0.009697801 -0.000963730 0.037757993 -0.009044859 0.999246001 0.003012554
0.999086082 0.014421104 -0.040236916 -0.000644091 -0.014089026 0.999864399 0.008524499 -0.000162912 0.040354393 -0.007949810 0.999153793 0.003819162
0.999002755 0.019215848 -0.040301986 -0.001127895 -0.018755175 0.999754727 0.011777656 -0.001333453 0.040518418 -0.011010040 0.999118149 0.004748434
0.998877585 0.021887727 -0.042006057 -0.001004993 -0.021214021 0.999640167 0.016417665 -0.002846450 0.042350288 -0.015508121 0.998982430 0.005003969
0.998860359 0.018846128 -0.043849193 -0.000810095 -0.018354669 0.999764442 0.011583703 -0.001253000 0.044057172 -0.010765664 0.998970985 0.004232263
0.998664975 0.024119062 -0.045679055 -0.001193648 -0.023474267 0.999617815 0.014600051 -0.002653635 0.046013735 -0.013508276 0.998849452 0.007146970
0.998701930 0.019727513 -0.046960484 -0.000843995 -0.019274507 0.999763429 0.010079941 -0.000704162 0.047148228 -0.009161716 0.998845875 0.004609460
0.998553216 0.021345828 -0.049353652 -0.000153841 -0.020810852 0.999719262 0.011328295 -0.000931295 0.049581606 -0.010284814 0.998717129 0.003934192
0.998427272 0.024038557 -0.050647415 -0.001013477 -0.023617877 0.999681532 0.008888307 -0.000355220 0.050844949 -0.007678143 0.998677015 0.006401726
0.998458028 0.022581762 -0.050711587 -0.001622434 -0.022107901 0.999706686 0.009885831 -0.000463449 0.050919954 -0.008749460 0.998664439 0.006193776
0.998274684 0.027578117 -0.051837407 -0.001164938 -0.027133293 0.999588907 0.009265494 0.000030855 0.052071620 -0.007842989 0.998612583 0.004832776
0.998121262 0.027485089 -0.054759141 -0.001254394 -0.027063610 0.999598205 0.008423857 -0.000022006 0.054968670 -0.006926051 0.998464048 0.006169111
0.998065650 0.027532894 -0.055739801 -0.000932941 -0.027056776 0.999590814 0.009278651 0.000353753 0.055972464 -0.007752564 0.998402238 0.004497031
0.998005807 0.026502369 -0.057288952 -0.000647600 -0.025907844 0.999602735 0.011095696 0.000348874 0.057560258 -0.009589336 0.998295963 0.002823423
0.997815132 0.029080963 -0.059323460 -0.001334176 -0.028470669 0.999532938 0.011107165 -0.000358935 0.059618756 -0.009393919 0.998176992 0.006651953
0.997766554 0.027360346 -0.060937189 -0.001260192 -0.026684895 0.999573410 0.011870910 -0.000610613 0.061235987 -0.010218295 0.998071015 0.006266203
0.997621000 0.032949407 -0.060552724 -0.000428239 -0.032047942 0.999361455 0.015798908 -0.001772602 0.061034620 -0.013820733 0.998039961 0.001731335
0.997233689 0.034503479 -0.065836631 -0.000987727 -0.033178531 0.999226391 0.021113459 -0.003785282 0.066514187 -0.018870691 0.997606993 0.007906565
0.997224271 0.036044218 -0.065150626 -0.000931731 -0.034926672 0.999223948 0.018211987 -0.002407272 0.065756507 -0.015885940 0.997709215 0.005201018
0.997071207 0.035641026 -0.067666471 -0.001171989 -0.034283359 0.999188960 0.021120792 -0.003284157 0.068364352 -0.018739099 0.997484446 0.006920177
0.996598005 0.042801764 -0.070430055 -0.001070789 -0.041077614 0.998824120 0.025749898 -0.005899289 0.071449377 -0.022769200 0.997184336 0.009525642
0.996699572 0.039306197 -0.071027912 -0.001165228 -0.037243217 0.998851597 0.030139675 -0.006794204 0.072131023 -0.027394895 0.997018874 0.007666294
0.996683240 0.036742289 -0.072612494 -0.000758392 -0.035055198 0.999088109 0.024373977 -0.004602432 0.073441833 -0.021747688 0.997062325 0.007346871
0.996294618 0.043901797 -0.073956847 -0.001072649 -0.042255718 0.998826206 0.023677623 -0.004986643 0.074909531 -0.020464789 0.996980309 0.010518846
0.995816052 0.050605688 -0.076088361 0.000182766 -0.048661076 0.998444974 0.027198821 -0.006282880 0.077346459 -0.023382481 0.996730030 0.008744213
0.995425940 0.054777000 -0.078273378 0.001199023 -0.052683353 0.998202562 0.028568631 -0.006958056 0.079697587 -0.024314251 0.996522486 0.006090115
0.996088266 0.045715149 -0.075619362 -0.001457402 -0.043434653 0.998558521 0.031532951 -0.007257175 0.076951891 -0.028125100 0.996638060 0.007154925
0.995674610 0.051476922 -0.077344298 -0.000925403 -0.048984800 0.998228073 0.033781242 -0.008170561 0.078946203 -0.029846430 0.996432006 0.006920571
0.996071935 0.045019593 -0.076248847 -0.002284602 -0.043198034 0.998744249 0.025373634 -0.005265085 0.077295408 -0.021980165 0.996765912 0.008392590
0.996146321 0.043847501 -0.075959943 -0.001799935 -0.041789304 0.998720527 0.028477348 -0.005973957 0.077111416 -0.025193293 0.996704161 0.005104140
0.995874345 0.044054668 -0.079331547 -0.002797924 -0.042444792 0.998859465 0.021866959 -0.004480612 0.080204420 -0.018409537 0.996608377 0.012097838
0.995971501 0.040477615 -0.080014214 -0.002881035 -0.038978059 0.999035478 0.020215577 -0.004325733 0.080755308 -0.017015342 0.996588707 0.011950791
0.995732188 0.043719463 -0.081276558 -0.002842246 -0.042179745 0.998898268 0.020566428 -0.004517212 0.082086183 -0.017050428 0.996479392 0.012220801
0.995601714 0.045931309 -0.081654698 -0.002835762 -0.044392657 0.998802543 0.020561004 -0.004573260 0.082501307 -0.016845709 0.996448517 0.011980353
0.995483577 0.045523636 -0.083306305 -0.002787243 -0.044020422 0.998834491 0.019794133 -0.004545736 0.084110312 -0.016037554 0.996327460 0.012283221
0.995488048 0.044618886 -0.083741531 -0.002936219 -0.043138769 0.998880684 0.019402724 -0.004528644 0.084513523 -0.015702676 0.996298611 0.012279315
0.995386720 0.045187969 -0.084635168 -0.002915746 -0.043653660 0.998848617 0.019893248 -0.004574575 0.085436665 -0.016106840 0.996213377 0.011981825
0.995295227 0.043859288 -0.086392812 -0.002920168 -0.042350225 0.998917758 0.019224389 -0.004577744 0.087142490 -0.015475184 0.996075690 0.012137488
0.995112956 0.045499526 -0.087635718 -0.002891831 -0.044109732 0.998869300 0.017731583 -0.004495330 0.088343397 -0.013779340 0.995994747 0.011948941
0.994981289 0.045014422 -0.089363955 -0.003040170 -0.043751486 0.998913527 0.016042408 -0.004329001 0.089989029 -0.012052091 0.995869815 0.012810365
0.994834602 0.046422377 -0.090271994 -0.002935361 -0.045112003 0.998845577 0.016503502 -0.004585241 0.090933904 -0.012345903 0.995780468 0.012254226
0.994851351 0.045867801 -0.090371169 -0.002847269 -0.044634640 0.998881280 0.015620595 -0.004507032 0.090986565 -0.011506486 0.995785654 0.011576256
0.994648993 0.047472939 -0.091758631 -0.003039534 -0.046159662 0.998799741 0.016383180 -0.004492878 0.092426248 -0.012059968 0.995646596 0.012909549
0.994577110 0.047103051 -0.092723072 -0.002956246 -0.045774903 0.998817086 0.016400041 -0.004643985 0.093385875 -0.012066714 0.995556831 0.012233817
0.994334698 0.049436778 -0.094097815 -0.002932122 -0.048129104 0.998710990 0.016117517 -0.004680939 0.094773322 -0.011497364 0.995432496 0.012331744
0.993990302 0.054440998 -0.094969757 -0.002880238 -0.053287633 0.998471856 0.014640532 -0.004606972 0.095621675 -0.009491835 0.995372474 0.011934137
0.993989825 0.050429590 -0.097164795 -0.003067043 -0.049156584 0.998671591 0.015452622 -0.004734651 0.097814970 -0.010583460 0.995148361 0.012840074
0.993706405 0.053859375 -0.098218814 -0.003037751 -0.052793585 0.998515308 0.013420029 -0.004673534 0.098795786 -0.008150246 0.995074332 0.012677941
0.993617058 0.052396856 -0.099899329 -0.002879859 -0.051365633 0.998596966 0.012868822 -0.004420501 0.100433461 -0.007655291 0.994914353 0.012248667
0.993557453 0.050052349 -0.101677909 -0.003058252 -0.048751660 0.998694658 0.015238753 -0.004788487 0.102307916 -0.010183608 0.994700611 0.012946144
0.993225634 0.053738002 -0.103030294 -0.002910500 -0.052619640 0.998522818 0.013544117 -0.004702381 0.103605941 -0.008030947 0.994586051 0.012206689
0.993184209 0.053218607 -0.103695817 -0.003033492 -0.052044660 0.998546541 0.013996013 -0.005008601 0.104289964 -0.008503805 0.994510591 0.012111099
0.992942214 0.055665668 -0.104722992 -0.002875531 -0.054520726 0.998417675 0.013766389 -0.004984490 0.105323613 -0.007959656 0.994406164 0.011521761
0.992843807 0.053371351 -0.106830716 -0.003018150 -0.052537117 0.998562694 0.010610227 -0.004479434 0.107243448 -0.004921721 0.994220614 0.012998790
0.992814481 0.052494738 -0.107534394 -0.002965276 -0.051504947 0.998601139 0.011963103 -0.004642917 0.108011961 -0.006338586 0.994129419 0.012487720
0.992801070 0.050040931 -0.108820952 -0.002929289 -0.049102396 0.998729944 0.011288892 -0.004824477 0.109247655 -0.005864252 0.993997335 0.011960413
0.992460847 0.053951237 -0.110048741 -0.003099936 -0.053219628 0.998537004 0.009576717 -0.004663211 0.110404409 -0.003647763 0.993880033 0.012785254
0.992194355 0.055444684 -0.111697182 -0.003086496 -0.054753471 0.998457015 0.009248720 -0.004791824 0.112037636 -0.003060720 0.993699133 0.012636418
0.992075145 0.053670682 -0.113607258 -0.003089679 -0.053072363 0.998556256 0.008286715 -0.004604925 0.113888003 -0.002191639 0.993491113 0.012562556
0.991744578 0.053386688 -0.116587192 -0.003214617 -0.052771572 0.998571575 0.008358633 -0.004675611 0.116866909 -0.002137139 0.993145227 0.013187693
0.991532505 0.053115908 -0.118499383 -0.003136069 -0.052522384 0.998586595 0.008128244 -0.004723978 0.118763641 -0.001835548 0.992920876 0.013229540
0.991367221 0.051335592 -0.120646141 -0.003172308 -0.050548971 0.998675644 0.009573529 -0.004904204 0.120977826 -0.003392346 0.992649376 0.012906659
0.990980387 0.054243680 -0.122537643 -0.003389503 -0.053819321 0.998527646 0.006772841 -0.004594579 0.122724608 -0.000116860 0.992440760 0.014062747
0.990662932 0.052889150 -0.125656798 -0.003201171 -0.052473880 0.998600423 0.006614762 -0.004667819 0.125830770 0.000040701 0.992051661 0.013731999
0.990579963 0.048976704 -0.127878040 -0.003418017 -0.048271552 0.998797178 0.008609499 -0.004986503 0.128145888 -0.002355525 0.991752565 0.013850766
0.990209162 0.049895510 -0.130369902 -0.004299423 -0.049650218 0.998753607 0.005133154 -0.004453533 0.130463526 0.001389996 0.991452098 0.016449811
0.989824712 0.053448353 -0.131872714 -0.004268152 -0.053393487 0.998565733 0.003954587 -0.004679015 0.131894946 0.003126797 0.991258740 0.016200487
0.989631295 0.052201655 -0.133809417 -0.004367812 -0.051946476 0.998635232 0.005399909 -0.005069737 0.133908689 0.001607008 0.990992367 0.015944645
0.989173710 0.051380359 -0.137460694 -0.003471617 -0.051120315 0.998677731 0.005423693 -0.004883840 0.137557596 0.001662060 0.990492344 0.014026164
0.988993526 0.048095062 -0.139924020 -0.004153524 -0.048040040 0.998838246 0.003772756 -0.004629982 0.139942929 0.002990725 0.990154982 0.016565362
0.988838673 0.048091605 -0.141015321 -0.003817070 -0.048199415 0.998834193 0.002652886 -0.004573279 0.140978515 0.004173580 0.990003765 0.015103511
0.988317430 0.049854629 -0.144024745 -0.003630579 -0.049998961 0.998745859 0.002619368 -0.004318668 0.143974692 0.004612320 0.989570558 0.014937283
0.988264143 0.044736363 -0.146056458 -0.004928194 -0.044580497 0.998996317 0.004341811 -0.004897393 0.146104127 0.002220415 0.989266694 0.018293433
0.987995625 0.045992360 -0.147476166 -0.004524707 -0.046247877 0.998928607 0.001697753 -0.004423351 0.147396237 0.005143086 0.989064097 0.016815413
0.987543881 0.048340164 -0.149734035 -0.004188266 -0.048628148 0.998815358 0.001739593 -0.004281844 0.149640754 0.005563362 0.988724709 0.016736489
0.987259209 0.049574278 -0.151200518 -0.003680108 -0.049301952 0.998768449 0.005551681 -0.004763874 0.151289508 0.001973531 0.988487422 0.014853147
0.987242103 0.046448734 -0.152300954 -0.003917532 -0.045915116 0.998920679 0.007020801 -0.004827308 0.152462676 0.000061684 0.988309205 0.015320179
0.986986697 0.046237309 -0.154010817 -0.003937303 -0.045572966 0.998930275 0.007843208 -0.004862122 0.154208690 -0.000722413 0.988037944 0.015528424
0.986709237 0.046321731 -0.155753642 -0.004110262 -0.045618180 0.998926163 0.008090395 -0.004726908 0.155961141 -0.000877671 0.987762749 0.016158625
0.986504614 0.045979504 -0.157145232 -0.004055313 -0.045052119 0.998939753 0.009460244 -0.004838737 0.157413587 -0.002252849 0.987530172 0.015944848
0.986325264 0.045814611 -0.158314407 -0.004515291 -0.045275688 0.998949945 0.007011008 -0.004415175 0.158469334 0.000252659 0.987363935 0.017486509
0.986519158 0.043912489 -0.157644585 -0.004670459 -0.042979963 0.999032497 0.009321306 -0.004764376 0.157901362 -0.002420090 0.987451851 0.016705213
0.986236870 0.043492869 -0.159515440 -0.004438426 -0.042671043 0.999052346 0.008575347 -0.004503439 0.159737229 -0.001650634 0.987158060 0.017037734
0.986073494 0.048035402 -0.159222543 -0.004471635 -0.047202669 0.998844683 0.009010094 -0.004649105 0.159471378 -0.001368885 0.987201512 0.017168626
0.985894263 0.049750276 -0.159804180 -0.004270027 -0.048786651 0.998759687 0.009950239 -0.004819924 0.160100982 -0.002013575 0.987098634 0.016645528
0.986057580 0.047222663 -0.159563586 -0.004557816 -0.046221267 0.998881280 0.009983545 -0.004743005 0.159856543 -0.002469119 0.987137198 0.016962243
0.985767782 0.050066631 -0.160484314 -0.004313317 -0.048779443 0.998737991 0.011952871 -0.004727060 0.160880208 -0.003954419 0.986965954 0.016851064
0.985859811 0.049908284 -0.159968004 -0.004263884 -0.048580259 0.998744667 0.012204398 -0.004756365 0.160376266 -0.004260537 0.987046778 0.016326470
0.985624373 0.053682782 -0.160196289 -0.004218589 -0.052311283 0.998549163 0.012769511 -0.004995373 0.160649359 -0.004205869 0.987002611 0.016449401
0.985610545 0.053831391 -0.160231128 -0.004176904 -0.052609712 0.998544812 0.011860128 -0.004727030 0.160636365 -0.003259755 0.987008274 0.016473666
0.985417128 0.056118555 -0.160636052 -0.004453918 -0.054919202 0.998419881 0.011899994 -0.004970158 0.161050007 -0.002904453 0.986941934 0.017501697
0.985633671 0.055218667 -0.159615681 -0.004621651 -0.053986114 0.998468935 0.012051405 -0.004766668 0.160036728 -0.003261243 0.987105668 0.017152430
0.985732853 0.048153315 -0.161282122 -0.005058906 -0.046899024 0.998832464 0.011577150 -0.004488033 0.161651313 -0.003848002 0.986840308 0.019100668
0.985667408 0.050635695 -0.160921499 -0.004792082 -0.049341973 0.998709500 0.012028042 -0.004441745 0.161322862 -0.003915465 0.986893892 0.018094469
0.985531747 0.055475056 -0.160155594 -0.004630281 -0.054210741 0.998454332 0.012256227 -0.004796748 0.160587937 -0.003396748 0.987015665 0.017210366
0.985380888 0.057072751 -0.160521820 -0.004461429 -0.055713750 0.998362720 0.012957950 -0.004906516 0.160998553 -0.003825243 0.986947238 0.017030440
0.985405862 0.057840031 -0.160093397 -0.004466257 -0.056554154 0.998320401 0.012580628 -0.004887441 0.160552159 -0.003343076 0.987021685 0.017031934
0.985526025 0.053971998 -0.160703152 -0.004429603 -0.052300379 0.998524487 0.014616855 -0.004986512 0.161254942 -0.006000454 0.986894548 0.016776593
0.985490143 0.054946341 -0.160593301 -0.004498790 -0.053411644 0.998476446 0.013860987 -0.005011674 0.161110267 -0.005082312 0.986923397 0.016907107
0.985397339 0.055943698 -0.160818651 -0.004389489 -0.054401785 0.998421311 0.013978544 -0.005031882 0.161346808 -0.005025595 0.986884952 0.016772313
0.985307932 0.057074796 -0.160968348 -0.004290989 -0.055621944 0.998360336 0.013521118 -0.005007434 0.161476180 -0.004369088 0.986866951 0.016772188
0.985437214 0.056992117 -0.160204679 -0.004443688 -0.055745102 0.998369694 0.012271196 -0.004781328 0.160642862 -0.003161864 0.987007558 0.016903181
0.985426962 0.056772575 -0.160344660 -0.004339044 -0.055398542 0.998379350 0.013030248 -0.004831733 0.160824567 -0.003957496 0.986975014 0.016644435
0.985346317 0.058931902 -0.160061494 -0.004537969 -0.057677902 0.998257399 0.012473277 -0.004952604 0.160517663 -0.003058485 0.987028301 0.017386887
0.985523224 0.057464864 -0.159505099 -0.004544578 -0.055762932 0.998329461 0.015129319 -0.005116782 0.160108045 -0.006015822 0.987081230 0.017032711
0.985745728 0.055133242 -0.158951998 -0.004545890 -0.053383172 0.998457432 0.015262236 -0.005004269 0.159548283 -0.006559319 0.987168312 0.017026529
0.985757947 0.054716974 -0.159020409 -0.004534821 -0.053082816 0.998484850 0.014509187 -0.004884988 0.159573376 -0.005861292 0.987168729 0.016779521
0.985476911 0.057739522 -0.159691691 -0.004144018 -0.056157876 0.998318017 0.014403454 -0.004896414 0.160254762 -0.005226323 0.987061799 0.016344607
0.985828757 0.053452030 -0.159011394 -0.004607198 -0.051685859 0.998547375 0.015225194 -0.004868828 0.159594238 -0.006790792 0.987159312 0.016864561
0.985628545 0.058283903 -0.158553958 -0.004458318 -0.056306232 0.998269856 0.016940776 -0.005516946 0.159267038 -0.007769736 0.987204969 0.017343612
0.985639453 0.060012065 -0.157840475 -0.004481724 -0.058394454 0.998182893 0.014870306 -0.005174589 0.158446088 -0.005439748 0.987352669 0.017164661
0.985746741 0.057698164 -0.158032835 -0.004273904 -0.056043342 0.998317003 0.014911579 -0.004937101 0.158627257 -0.005842348 0.987321258 0.016559443
0.985912144 0.056187678 -0.157544777 -0.004310387 -0.054480981 0.998400152 0.015134280 -0.004704846 0.158143118 -0.006337874 0.987395883 0.016650235
0.985924959 0.058636386 -0.156569034 -0.004538510 -0.057047248 0.998264372 0.014628113 -0.004780614 0.157155007 -0.005490387 0.987558722 0.016972082
0.985944867 0.059228212 -0.156220570 -0.004569082 -0.057482637 0.998223543 0.015671913 -0.004968021 0.156871259 -0.006471669 0.987597883 0.017119048
0.985954106 0.059475571 -0.156068131 -0.004684546 -0.057746187 0.998209476 0.015595731 -0.004990909 0.156716257 -0.006364333 0.987623155 0.017669559
0.986170828 0.058734648 -0.154975548 -0.004470076 -0.056860570 0.998245716 0.016501836 -0.004982100 0.155672923 -0.007461627 0.987780511 0.016863085
0.986139953 0.059714966 -0.154797435 -0.004340157 -0.058066010 0.998197734 0.015156150 -0.004782463 0.155423522 -0.005957613 0.987829983 0.016700080
0.986255229 0.059887987 -0.153993636 -0.004249037 -0.058394130 0.998192489 0.014209829 -0.004709237 0.154566303 -0.005022192 0.987969697 0.016479157
0.986405134 0.060864281 -0.152645305 -0.004618678 -0.059254233 0.998129010 0.015078936 -0.005092573 0.153277501 -0.005829056 0.988166034 0.017357329
0.986451983 0.060894579 -0.152330130 -0.004328418 -0.059389077 0.998130798 0.014417908 -0.004965607 0.152923405 -0.005175826 0.988224566 0.016601274
0.986709177 0.061916709 -0.150238097 -0.004313504 -0.060457695 0.998068869 0.014263934 -0.004948427 0.150831163 -0.004991303 0.988547027 0.016038375
0.986875951 0.063419171 -0.148505896 -0.004118529 -0.061938614 0.997973561 0.014578055 -0.004910640 0.149129480 -0.005188482 0.988804042 0.015525775
0.987063766 0.059856974 -0.148736104 -0.004484958 -0.058577485 0.998198569 0.012972224 -0.004890093 0.149244681 -0.004091821 0.988791823 0.017119309
0.987349451 0.059699807 -0.146891728 -0.004292008 -0.058422931 0.998207390 0.012995586 -0.004714627 0.147404239 -0.004249337 0.989067256 0.016376410
0.987504482 0.062711701 -0.144575968 -0.004258861 -0.061370168 0.998020709 0.013724750 -0.004895601 0.145150527 -0.004680599 0.989398658 0.016060797
0.987889588 0.057610784 -0.144066527 -0.004401074 -0.056223895 0.998324513 0.013682853 -0.004939313 0.144613430 -0.005417165 0.989473403 0.016676944
0.987915397 0.061722193 -0.142174587 -0.004317314 -0.060232874 0.998075306 0.014759351 -0.005029585 0.142811909 -0.006017403 0.989731550 0.016177638
0.987862110 0.063981041 -0.141544491 -0.004302050 -0.062895074 0.997946322 0.012137435 -0.004903436 0.142030418 -0.003087659 0.989857435 0.016353440
0.988242567 0.058667563 -0.141191080 -0.004022722 -0.057089239 0.998253286 0.015206908 -0.004872269 0.141836628 -0.006967618 0.989865541 0.015341897
0.988188386 0.061670382 -0.140287563 -0.004252600 -0.060471427 0.998087943 0.012797300 -0.004677158 0.140808523 -0.004162752 0.990028143 0.016143735
0.988170385 0.063965477 -0.139383778 -0.004256245 -0.062845841 0.997945905 0.012423857 -0.004939627 0.139892206 -0.003517192 0.990160584 0.016543103
0.988656521 0.059102233 -0.138076708 -0.004294235 -0.057992935 0.998244286 0.012046714 -0.004649902 0.138546303 -0.003902585 0.990348399 0.016329898
0.988756418 0.059184577 -0.137324706 -0.003973973 -0.057908546 0.998233795 0.013272084 -0.004678828 0.137867644 -0.005170583 0.990437150 0.015587416
0.989183664 0.054506831 -0.136178792 -0.004174880 -0.053085577 0.998491108 0.014049250 -0.004756645 0.136739090 -0.006668159 0.990584671 0.015938852
0.989257097 0.055280320 -0.135331631 -0.004188442 -0.053689267 0.998439312 0.015381161 -0.004838650 0.135970697 -0.007950064 0.990681052 0.016093142
0.989489794 0.053878438 -0.134190932 -0.003641901 -0.052167978 0.998506486 0.016232718 -0.004866818 0.134865105 -0.009061638 0.990822613 0.014473876
0.989758968 0.051010199 -0.133323774 -0.004222683 -0.049252242 0.998650908 0.016452651 -0.005015409 0.133983180 -0.009717662 0.990935981 0.016366659
0.990015268 0.053666137 -0.130344778 -0.004184898 -0.052174415 0.998527765 0.014834922 -0.004832509 0.130949035 -0.007886135 0.991357744 0.015692541
0.990312994 0.052754350 -0.128441170 -0.003735167 -0.050928626 0.998549700 0.017459787 -0.004916846 0.129175991 -0.010749320 0.991563499 0.014018860
