1.000000000 0.000000000 0.000000000 0.000000000 0.000000000 1.000000000 0.000000000 0.000000000 0.000000000 0.000000000 1.000000000 0.000000000
0.999997079 0.001885009 -0.001515047 -0.000085434 -0.001887131 0.999997258 -0.001400393 0.000153850 0.001512403 0.001403248 0.999997854 0.000305641
0.999986768 -0.003898464 -0.003349039 -0.000314351 0.003902750 0.999991596 0.001274128 0.000012717 0.003344044 -0.001287182 0.999993563 0.001072097
0.999976218 -0.004986263 -0.004758713 -0.000342764 0.004995165 0.999985814 0.001860616 0.000034538 0.004749368 -0.001884342 0.999986947 0.000363958
0.999981761 -0.001416130 -0.005875283 -0.000081907 0.001425946 0.999997616 0.001666767 -0.000160943 0.005872909 -0.001675115 0.999981344 -0.000282955
0.999968231 -0.000655434 -0.007942517 -0.000253648 0.000659355 0.999999642 0.000491064 0.000143133 0.007942192 -0.000496286 0.999968350 0.000916150
0.999956012 -0.000217571 -0.009375244 -0.000206990 0.000241511 0.999996722 0.002552468 -0.000064578 0.009374658 -0.002554620 0.999952793 0.000673247
0.999935448 0.002392484 -0.011110020 -0.000067222 -0.002368847 0.999994934 0.002140182 -0.000093789 0.011115083 -0.002113726 0.999935985 0.000850391
0.999920666 -0.001640276 -0.012487038 -0.000098523 0.001699132 0.999987483 0.004704252 -0.000204001 0.012479166 -0.004725096 0.999910951 0.000896708
0.999891579 -0.004915185 -0.013879291 -0.000056299 0.004999464 0.999969244 0.006044168 -0.000523634 0.013849156 -0.006112902 0.999885440 0.002415038
0.999885857 -0.002977171 -0.014811801 -0.000118603 0.003077342 0.999972522 0.006744754 -0.000649920 0.014791314 -0.006789565 0.999867558 0.002539248
0.999899089 -0.004315494 -0.013536237 -0.000355047 0.004404168 0.999969006 0.006527869 -0.000103423 0.013507647 -0.006586825 0.999887049 0.001352213
0.999888599 -0.004764746 -0.014146897 -0.000242625 0.004853328 0.999968767 0.006233851 -0.000042813 0.014116753 -0.006301816 0.999880493 0.001047441
0.999907076 -0.000412868 -0.013627757 -0.000626781 0.000475939 0.999989212 0.004625262 0.000269250 0.013625701 -0.004631318 0.999896467 0.002202504
0.999907255 0.004495489 -0.012856718 -0.000523698 -0.004410613 0.999968350 0.006622439 -0.000079848 0.012886083 -0.006565119 0.999895394 0.001288980
0.999904275 0.002743828 -0.013560811 -0.000303058 -0.002619783 0.999954641 0.009156680 -0.000389235 0.013585320 -0.009120277 0.999866128 0.000923759
0.999900877 0.003640636 -0.013600903 -0.000360426 -0.003535979 0.999963999 0.007711024 0.000075521 0.013628487 -0.007662167 0.999877751 0.000573140
0.999898136 0.005379327 -0.013219608 -0.000478741 -0.005265892 0.999949276 0.008600676 -0.000172857 0.013265203 -0.008530188 0.999875546 0.001251591
0.999894500 0.005810080 -0.013310114 -0.000485990 -0.005706514 0.999953330 0.007805803 -0.000084317 0.013354844 -0.007729026 0.999880910 0.001420572
0.999886155 0.008142897 -0.012705849 -0.000432649 -0.008033629 0.999930561 0.008627259 -0.000177669 0.012775219 -0.008524203 0.999881983 0.000225400
0.999894738 0.006755336 -0.012836197 -0.000480829 -0.006645869 0.999941409 0.008551552 0.000008976 0.012893213 -0.008465345 0.999880970 0.000690101
0.999888122 0.006919713 -0.013260324 -0.000516917 -0.006799528 0.999935567 0.009087268 -0.000133306 0.013322352 -0.008996089 0.999870718 0.000972537
0.999871969 0.007904325 -0.013912810 -0.000451636 -0.007777361 0.999927938 0.009156266 -0.000183100 0.013984181 -0.009046890 0.999861240 0.001282853
0.999869287 0.008896232 -0.013492635 -0.000547021 -0.008800345 0.999935687 0.007149342 0.000025279 0.013555370 -0.007029667 0.999883413 0.001703598
0.999865830 0.009883365 -0.013059455 -0.000546603 -0.009786327 0.999924302 0.007473382 0.000000607 0.013132326 -0.007344576 0.999886811 0.001526104
0.999866724 0.009129413 -0.013538773 -0.000502286 -0.009014422 0.999922991 0.008530330 -0.000038928 0.013615607 -0.008407148 0.999871969 0.001335120
0.999870181 0.009006630 -0.013356371 -0.000512173 -0.008902277 0.999929607 0.007851912 -0.000035214 0.013426147 -0.007731991 0.999880016 0.001440613
0.999859989 0.009959597 -0.013442915 -0.000524122 -0.009852946 0.999919713 0.007976703 -0.000048405 0.013521278 -0.007843134 0.999877810 0.001621336
0.999880850 0.007734603 -0.013359286 -0.000552879 -0.007631435 0.999940872 0.007756339 0.000025523 0.013418487 -0.007653465 0.999880612 0.001516436
0.999869645 0.009254120 -0.013235975 -0.000563059 -0.009156732 0.999930739 0.007399609 0.000011840 0.013303536 -0.007277446 0.999885023 0.001721579
0.999873161 0.008505209 -0.013462659 -0.000549398 -0.008402444 0.999935269 0.007671546 -0.000003226 0.013527036 -0.007557455 0.999879956 0.001711075
0.999857485 0.010489724 -0.013228226 -0.000557990 -0.010394854 0.999919951 0.007220339 -0.000051465 0.013302905 -0.007081805 0.999886453 0.002001726
0.999881506 0.008279648 -0.012980115 -0.000518376 -0.008158015 0.999922633 0.009395920 -0.000213457 0.013056907 -0.009288915 0.999871612 0.001418629
0.999853134 0.011851511 -0.012373973 -0.000554285 -0.011757143 0.999901533 0.007671338 -0.000002183 0.012463668 -0.007524731 0.999894023 0.001548598
0.999885261 0.008323393 -0.012656043 -0.000611786 -0.008216891 0.999930620 0.008444013 0.000021969 0.012725447 -0.008339052 0.999884248 0.001753923
0.999874055 0.009501588 -0.012714875 -0.000445257 -0.009390970 0.999917865 0.008731491 -0.000064880 0.012796791 -0.008610986 0.999881029 0.001244725
0.999869585 0.010868180 -0.011940312 -0.000491830 -0.010764916 0.999904513 0.008678790 -0.000045717 0.012033491 -0.008549123 0.999891043 0.001510910
0.999864697 0.011286112 -0.011962885 -0.000490967 -0.011182000 0.999899387 0.008734358 -0.000026920 0.012060258 -0.008599408 0.999890268 0.001358933
0.999877751 0.010588801 -0.011508145 -0.000496983 -0.010494659 0.999911249 0.008210288 0.000131466 0.011594060 -0.008088509 0.999900103 0.001346954
0.999889493 0.009517308 -0.011415008 -0.000513688 -0.009411062 0.999912322 0.009325475 0.000016551 0.011502760 -0.009217017 0.999891341 0.001454295
0.999898434 0.008860421 -0.011162298 -0.000511629 -0.008742765 0.999906242 0.010545561 -0.000077436 0.011254689 -0.010446901 0.999882102 0.001351786
0.999898612 0.009660490 -0.010462606 -0.000561282 -0.009546236 0.999894977 0.010915756 -0.000062133 0.010566958 -0.010814771 0.999885619 0.001702737
0.999916971 0.008406830 -0.009759832 -0.000591622 -0.008294199 0.999899268 0.011523941 -0.000060343 0.009855729 -0.011442035 0.999885917 0.001500631
0.999904752 0.010272780 -0.009207553 -0.000616615 -0.010174436 0.999891400 0.010664813 -0.000015510 0.009316110 -0.010570116 0.999900699 0.001902744
0.999910295 0.010383071 -0.008460023 -0.000642443 -0.010289375 0.999886155 0.011044510 -0.000097682 0.008573733 -0.010956472 0.999903262 0.001810681
0.999894083 0.012471804 -0.007501790 -0.000503558 -0.012390383 0.999864876 0.010804173 -0.000154815 0.007635524 -0.010710079 0.999913454 0.001335147
0.999880254 0.014003905 -0.006590285 -0.000511375 -0.013949152 0.999868453 0.008282386 0.000116277 0.006705405 -0.008189465 0.999943972 0.000985964
0.999853909 0.016229080 -0.005367563 -0.000405282 -0.016174085 0.999817789 0.010134837 -0.000278980 0.005531063 -0.010046538 0.999934196 0.000967489
0.999919653 0.011535095 -0.005247926 -0.000459624 -0.011487579 0.999893606 0.008995981 -0.000048683 0.005351136 -0.008934973 0.999945760 0.000854695
0.999798357 0.019851776 -0.002978964 -0.000570534 -0.019832458 0.999782979 0.006380480 0.000068900 0.003104980 -0.006320115 0.999975204 0.001561189
0.999829769 0.018386355 -0.001524311 -0.000490954 -0.018374512 0.999803483 0.007450555 -0.000025250 0.001660998 -0.007421277 0.999971092 0.001184921
0.999855816 0.016965717 -0.000480277 -0.000564066 -0.016962046 0.999832869 0.006825441 0.000046193 0.000595993 -0.006816312 0.999976575 0.001065775
0.999895334 0.014464226 0.000277211 -0.000585928 -0.014465803 0.999871314 0.006934849 0.000031222 -0.000176867 -0.006938132 0.999975920 0.001323911
0.999827147 0.018327687 0.003108997 -0.000600829 -0.018351927 0.999799907 0.007957244 -0.000056388 -0.002962537 -0.008012926 0.999963462 0.001205991
0.999826789 0.018155627 0.004106559 -0.000563973 -0.018188020 0.999802649 0.007994182 -0.000010282 -0.003960609 -0.008067487 0.999959648 0.001480098
0.999854207 0.016424142 0.004654828 -0.000507546 -0.016463550 0.999827862 0.008558974 0.000065646 -0.004513453 -0.008634361 0.999952555 0.001290262
0.999837160 0.017141283 0.005637079 -0.000525108 -0.017191982 0.999810994 0.009072041 -0.000077883 -0.005480508 -0.009167477 0.999942958 0.001152731
0.999833882 0.017240588 0.005917039 -0.000562824 -0.017295595 0.999806464 0.009374854 -0.000100682 -0.005754265 -0.009475634 0.999938548 0.001315099
0.999820352 0.017656952 0.006890484 -0.000468564 -0.017713942 0.999808669 0.008299519 -0.000166912 -0.006742621 -0.008420086 0.999941826 0.001232920
0.999873042 0.013719815 0.008089365 -0.000497908 -0.013791915 0.999864995 0.008925786 -0.000021769 -0.007965813 -0.009036222 0.999927521 0.000739281
0.999796510 0.017153859 0.010614428 -0.000426356 -0.017252667 0.999808013 0.009288468 -0.000156511 -0.010453058 -0.009469706 0.999900579 -0.001070014
0.999814749 0.015276073 0.011715550 -0.000599012 -0.015364231 0.999853969 0.007471960 0.000108909 -0.011599698 -0.007650575 0.999903500 0.000562930
0.999895155 0.009334514 0.011058736 -0.000558066 -0.009444838 0.999905646 0.009966441 -0.000108230 -0.010964660 -0.010069844 0.999889195 0.001389599
0.999905467 0.007040973 0.011806812 -0.000561803 -0.007169615 0.999914944 0.010888998 -0.000125176 -0.011729140 -0.010972620 0.999871075 0.001457874
0.999879122 0.007410205 0.013664515 -0.000608208 -0.007541374 0.999925733 0.009572919 0.000130224 -0.013592564 -0.009674811 0.999860883 0.001157462
0.999864280 0.006781403 0.015007284 -0.000415309 -0.006939605 0.999920547 0.010514786 0.000055773 -0.014934789 -0.010617503 0.999832094 0.000282053
0.999826133 0.007953570 0.016869035 -0.000418412 -0.008148881 0.999900222 0.011541246 -0.000209844 -0.016775558 -0.011676703 0.999791086 0.000299846
0.999776483 0.008773144 0.019239184 -0.000413804 -0.009010404 0.999883950 0.012280206 -0.000154301 -0.019129217 -0.012450814 0.999739468 -0.000654289
0.999747813 0.008951780 0.020593669 -0.000399536 -0.009218925 0.999873996 0.012913916 -0.000105459 -0.020475477 -0.013100512 0.999704540 -0.000126438
0.999710441 0.008934749 0.022343609 -0.000509068 -0.009227774 0.999872208 0.013045952 0.000004516 -0.022224195 -0.013248356 0.999665201 -0.000211861
0.999665022 0.009750563 0.023973143 -0.000522115 -0.010070032 0.999861598 0.013241808 0.000149884 -0.023840709 -0.013478784 0.999624908 0.000172069
0.999641597 0.009039372 0.025197618 -0.000476724 -0.009430508 0.999836206 0.015447374 0.000081523 -0.025053859 -0.015679467 0.999563158 0.000561308
0.999573529 0.009829204 0.027497040 -0.000398300 -0.010247393 0.999833286 0.015109167 0.000235595 -0.027343947 -0.015384497 0.999507725 0.000294588
0.999499977 0.011764689 0.029348120 -0.000429945 -0.012234096 0.999799252 0.015866505 0.000024152 -0.029155567 -0.016217619 0.999443352 0.000710361
0.999422789 0.011724200 0.031886302 -0.000392371 -0.012298131 0.999764740 0.017863216 0.000005202 -0.031669375 -0.018245045 0.999331832 -0.000222413
0.999390364 0.012626993 0.032548722 -0.000292439 -0.013227463 0.999745011 0.018299554 -0.000119562 -0.032309357 -0.018718939 0.999302626 0.000017431
0.999327660 0.010950290 0.034990441 -0.000160269 -0.011742564 0.999677479 0.022517897 -0.000153404 -0.034732580 -0.022913637 0.999133885 -0.001204876
0.999231696 0.013633993 0.036746185 -0.000088125 -0.014560405 0.999579847 0.025062550 -0.000353691 -0.036389049 -0.025578331 0.999010324 -0.001288651
0.999106765 0.014141892 0.039821982 -0.000362827 -0.015070356 0.999619186 0.023112517 -0.000021479 -0.039479971 -0.023692004 0.998939514 -0.000481891
0.998981476 0.015507358 0.042372782 -0.000317445 -0.016523015 0.999581873 0.023725340 -0.000024629 -0.041987151 -0.024401303 0.998820245 -0.000973982
0.998897552 0.015218875 0.044405695 -0.000129364 -0.016486190 0.999463141 0.028314264 -0.000290420 -0.043950941 -0.029015133 0.998612344 -0.002153803
0.998857141 0.014131176 0.045658715 -0.000215122 -0.015372588 0.999518514 0.026953224 -0.000140583 -0.045255855 -0.027624315 0.998593450 -0.001387119
0.998841166 0.011746439 0.046672810 -0.000392397 -0.013031165 0.999541759 0.027318005 -0.000014952 -0.046330541 -0.027894545 0.998536706 0.000408102
0.998648286 0.015236238 0.049693726 -0.000056433 -0.016656434 0.999460936 0.028291229 -0.000037574 -0.049235884 -0.029080708 0.998363853 -0.001733045
0.998360336 0.021472586 0.053062074 -0.000002275 -0.023021635 0.999321282 0.028756421 -0.000252044 -0.052408583 -0.029930849 0.998177111 -0.002926079
0.998256147 0.021734701 0.054884221 0.000355785 -0.023227289 0.999373496 0.026705392 0.000187988 -0.054269403 -0.027933631 0.998135507 -0.004148083
0.998227894 0.020623872 0.055817604 0.000182484 -0.022315817 0.999304891 0.029860437 -0.000531588 -0.055162974 -0.031053141 0.997994363 -0.002824639
0.998224616 0.019918658 0.056133162 0.000169462 -0.021438558 0.999416113 0.026605848 -0.000039156 -0.055570435 -0.027762031 0.998068810 -0.001785447
0.998091161 0.019582860 0.058570705 0.000229228 -0.021139212 0.999436498 0.026071616 0.000026726 -0.058027145 -0.027259985 0.997942746 -0.003781238
0.998022258 0.018774094 0.059992552 0.000159846 -0.020395754 0.999439836 0.026533933 -0.000111421 -0.059460793 -0.027705051 0.997846067 -0.003145970
0.997928619 0.018097613 0.061731461 0.000268651 -0.019839006 0.999418974 0.027713776 -0.000143604 -0.061194036 -0.028881060 0.997707903 -0.004005456
0.997786403 0.019936241 0.063442089 0.000331199 -0.021630676 0.999424279 0.026134508 -0.000034151 -0.062884554 -0.027448943 0.997643232 -0.003414875
0.997621536 0.020544669 0.065795973 0.000124645 -0.022173192 0.999463260 0.024117190 0.000098376 -0.065265179 -0.025518736 0.997541606 -0.002820256
0.997509062 0.019988833 0.067646824 0.000207420 -0.021671630 0.999471426 0.024234517 0.000059289 -0.067126647 -0.025640169 0.997414887 -0.003283098
0.997400105 0.019079458 0.069491737 0.000328039 -0.020868497 0.999466836 0.025110265 -0.000005411 -0.068975598 -0.026495166 0.997266412 -0.003960364
0.997262001 0.018094903 0.071700662 0.000378789 -0.019823011 0.999528170 0.023463812 0.000221369 -0.071242258 -0.024820888 0.997150123 -0.003950404
0.997015774 0.021632953 0.074105203 0.000429558 -0.023466626 0.999437392 0.023963399 -0.000020766 -0.073545106 -0.025630880 0.996962428 -0.003652360
0.996918201 0.017300364 0.076517001 0.000236939 -0.019109584 0.999553323 0.022976037 0.000274425 -0.076085322 -0.024367437 0.996803582 -0.003440085
0.996749461 0.017506000 0.078638904 0.000362409 -0.019464055 0.999517620 0.024202188 0.000137219 -0.078177288 -0.025654152 0.996609330 -0.003947348
0.996632457 0.017169371 0.080180854 0.000491855 -0.019056324 0.999557853 0.022828059 0.000063434 -0.079753444 -0.024279136 0.996518850 -0.003949089
0.996201694 0.021260489 0.084440097 0.000321972 -0.023181764 0.999492764 0.021838099 0.000011234 -0.083932973 -0.023712620 0.996189296 -0.004865719
0.996175885 0.016364198 0.085823096 0.000230703 -0.018307092 0.999592602 0.021900378 0.000017056 -0.085429728 -0.023387803 0.996069670 -0.004469031
0.995930672 0.020024098 0.087869175 0.000283217 -0.021812929 0.999572992 0.019445010 0.000168083 -0.087442271 -0.021282570 0.995942235 -0.003795523
0.995849609 0.016640240 0.089480363 0.000333034 -0.018396344 0.999653220 0.018836766 0.000171565 -0.089135885 -0.020404700 0.995810390 -0.004121259
0.995781362 0.012893965 0.090847328 0.000340231 -0.014655815 0.999716699 0.018753177 0.000260716 -0.090579793 -0.020005504 0.995688260 -0.004350954
0.995644271 0.013042654 0.092316791 0.000317859 -0.014756907 0.999730587 0.017911019 0.000180126 -0.092058323 -0.019195311 0.995568573 -0.003672479
0.995577395 0.010305513 0.093378648 0.000471541 -0.011948645 0.999783158 0.017054444 0.000270062 -0.093182653 -0.018094765 0.995484531 -0.004532476
0.995267689 0.011680285 0.096466407 0.000589496 -0.013479318 0.999746799 0.018018726 0.000169376 -0.096231505 -0.019233754 0.995173097 -0.006719857
0.995104015 0.013717709 0.097876459 0.000890970 -0.015680017 0.999690533 0.019307850 -0.000477570 -0.097581312 -0.020748023 0.995011330 -0.007559025
0.995153069 0.006997359 0.098088466 0.000759728 -0.008973987 0.999765158 0.019724809 -0.000253442 -0.097927406 -0.020509450 0.994982243 -0.006881361
0.994775474 0.012824245 0.101278007 0.000498998 -0.014493452 0.999770701 0.015762843 0.000200872 -0.101052642 -0.017148361 0.994733155 -0.005518272
0.994430184 0.016120087 0.104156330 0.000175339 -0.017613545 0.999754548 0.013434708 0.000474849 -0.103914186 -0.015194438 0.994470239 -0.005625048
0.994532168 0.011568085 0.103787854 0.000432589 -0.013026206 0.999825597 0.013382234 0.000266992 -0.103614956 -0.014661026 0.994509399 -0.004480401
0.994146049 0.013355793 0.107215822 0.000279493 -0.015041763 0.999775350 0.014931736 0.000151122 -0.106992304 -0.016457040 0.994123638 -0.005639253
0.994142413 0.011946346 0.107415333 0.000300116 -0.013365950 0.999832451 0.012505785 0.000368105 -0.107247926 -0.013868241 0.994135559 -0.003887362
0.993967950 0.010550189 0.109162711 0.000291462 -0.011963411 0.999852717 0.012299160 0.000294408 -0.109016895 -0.013530927 0.993947804 -0.004566392
0.993803799 0.004442228 0.111060135 0.000474747 -0.006273888 0.999849975 0.016148478 -0.000093510 -0.110971719 -0.016745195 0.993682563 -0.008961417
0.993575990 0.003450651 0.113113791 0.000790371 -0.004864092 0.999913454 0.012222131 0.000352880 -0.113061830 -0.012693809 0.993506849 -0.011619573
0.993535340 0.006934993 0.113311604 0.000953998 -0.009001240 0.999802172 0.017733626 -0.000934354 -0.113166198 -0.018638927 0.993401229 -0.009359814
0.993505955 0.005071711 0.113667488 0.001209993 -0.007109154 0.999821126 0.017526392 -0.000502073 -0.113558277 -0.018220656 0.993364275 -0.008180975
0.993044019 0.006030113 0.117589325 0.000863415 -0.007788270 0.999864578 0.014497908 -0.000247050 -0.117485970 -0.015312876 0.992956519 -0.008717505
0.992886484 0.008340695 0.118771829 0.000686275 -0.009942457 0.999867320 0.012899903 -0.000214524 -0.118648484 -0.013989023 0.992837727 -0.006741585
0.992629170 0.003540817 0.121139392 0.000860166 -0.005243598 0.999891818 0.013740490 0.000447806 -0.121077619 -0.014274416 0.992540538 -0.007928906
0.992503941 -0.000071973 0.122212484 0.000911202 -0.001672132 0.999898255 0.014168461 0.000414362 -0.122201063 -0.014266608 0.992402852 -0.007789674
0.992097557 0.003395751 0.125422835 0.000853134 -0.004992153 0.999910414 0.012416043 0.000608647 -0.125369459 -0.012944056 0.992025614 -0.008164341
0.991857052 0.002668659 0.127327785 0.000920962 -0.004226737 0.999919415 0.011968129 0.000784573 -0.127285585 -0.012408854 0.991788507 -0.008562907
0.991595149 0.001442008 0.129370794 0.000869730 -0.003079452 0.999917746 0.012457840 0.000835558 -0.129342169 -0.012751526 0.991518021 -0.008539001
0.991491795 0.000658860 0.130166978 0.000909631 -0.002387988 0.999910951 0.013128283 0.000590399 -0.130146727 -0.013327423 0.991405129 -0.008067355
0.990900457 0.006601568 0.134434342 0.000724849 -0.008300120 0.999892592 0.012078262 0.000525489 -0.134340152 -0.013084175 0.990848839 -0.008527048
0.990606308 0.006183758 0.136604443 0.000663208 -0.007888934 0.999897540 0.011944727 0.000475958 -0.136516571 -0.012910185 0.990553677 -0.007946258
0.990331948 0.006393068 0.138570666 0.000764326 -0.008399278 0.999868155 0.013897959 0.000354953 -0.138463542 -0.014927485 0.990254939 -0.009687620
0.990102351 0.008435986 0.140092909 0.000969638 -0.010262181 0.999871373 0.012318300 0.000538777 -0.139971018 -0.013634037 0.990061700 -0.008738002
0.989830613 0.005620023 0.142139480 0.000856765 -0.007355444 0.999904633 0.011686817 0.000831091 -0.142060250 -0.012613470 0.989777625 -0.009621304
0.989697933 0.005243345 0.143074945 0.001046148 -0.006652602 0.999933839 0.009373171 0.001172610 -0.143016353 -0.010228429 0.989667475 -0.008640881
0.989299417 0.006502926 0.145754546 0.000890662 -0.008064160 0.999916255 0.010123102 0.000463512 -0.145676479 -0.011190167 0.989268959 -0.008002972
0.989003539 0.003012215 0.147860512 0.000885806 -0.004561088 0.999938250 0.010137286 0.000377643 -0.147820830 -0.010700217 0.988956273 -0.008071374
0.988414645 0.008656347 0.151530251 0.000974871 -0.010002764 0.999916971 0.008125437 0.000602501 -0.151447341 -0.009547023 0.988419175 -0.010406170
0.988248408 0.003054947 0.152825326 0.001482536 -0.004826069 0.999925435 0.011219587 0.000353426 -0.152779639 -0.011825286 0.988189459 -0.012266601
0.988057017 -0.000039861 0.154088736 0.001645252 -0.001491993 0.999950588 0.009825721 0.000720934 -0.154081523 -0.009938271 0.988008142 -0.012082131
0.987379014 0.003863299 0.158327356 0.001433085 -0.005328835 0.999946833 0.008832887 0.000534143 -0.158284783 -0.009565108 0.987347245 -0.011530609
0.986778080 -0.000710562 0.162075073 0.000858037 -0.000682251 0.999963284 0.008537814 0.000409135 -0.162075192 -0.008535504 0.986741483 -0.010489853
0.986016870 -0.000232738 0.166644961 0.000532339 0.000076402 0.999999523 0.000944552 0.002774325 -0.166645095 -0.000918612 0.986016452 -0.012271714
0.985423863 0.003856785 0.170073420 0.000532949 -0.003748469 0.999992490 -0.000957975 0.002968210 -0.170075849 0.000306495 0.985430896 -0.013844326
0.984649062 0.005405992 0.174461961 0.000340475 -0.004676360 0.999978542 -0.004593000 0.003516290 -0.174483031 0.003706645 0.984653234 -0.015338854
0.984457850 -0.008622305 0.175408795 0.000613552 0.009519653 0.999945581 -0.004274939 0.004452592 -0.175362378 0.005878327 0.984486341 -0.015291395
0.983765721 -0.005447418 0.179374680 0.000682738 0.006346643 0.999969959 -0.004439606 0.004669691 -0.179345101 0.005505962 0.983770788 -0.016442001
0.983214259 -0.001917270 0.182444721 0.000940943 0.003336832 0.999966502 -0.007474119 0.004202615 -0.182424292 0.007957449 0.983187675 -0.014976320
0.982714653 -0.005455114 0.185046077 0.000693535 0.006664017 0.999960303 -0.005911656 0.004512744 -0.185006484 0.007042623 0.982712090 -0.014137251
0.982150018 -0.003592489 0.188064858 0.000473999 0.005824644 0.999918997 -0.011317781 0.005356240 -0.188008934 0.012211169 0.982091308 -0.013180826
0.981271386 -0.002048176 0.192618787 0.000598592 0.002655704 0.999992311 -0.002895899 0.002945334 -0.192611367 0.003353203 0.981269419 -0.018299703
0.979214609 -0.002564882 0.202810571 -0.000910876 0.004753585 0.999935627 -0.010305502 0.005322491 -0.202771038 0.011055373 0.979163885 -0.029599333
0.978950441 -0.001220819 0.204094291 -0.000416343 0.003648815 0.999927044 -0.011520559 0.005540926 -0.204065323 0.012022758 0.978883445 -0.027700974
0.977732956 -0.004458385 0.209805742 -0.000989726 0.006854579 0.999919415 -0.010695248 0.005458086 -0.209741101 0.011895225 0.977684617 -0.029459894
0.976771593 0.000865221 0.214281216 -0.000988991 0.001917824 0.999916553 -0.012779586 0.005403388 -0.214274362 0.012893690 0.976688445 -0.029868567
0.976183355 -0.000689902 0.216945603 -0.001036584 0.002940515 0.999945164 -0.010051452 0.005238038 -0.216926754 0.010449992 0.976131976 -0.030223463
0.975527108 -0.001093752 0.219876677 -0.000957383 0.003405177 0.999942899 -0.010133651 0.005267596 -0.219853014 0.010634367 0.975475013 -0.029915098
0.974879265 -0.001419887 0.222729191 -0.001005428 0.003920451 0.999934256 -0.010785179 0.005903543 -0.222699210 0.011387447 0.974820673 -0.031276841
0.974618495 -0.003485362 0.223845094 -0.000792647 0.004776938 0.999974906 -0.005228691 0.004666864 -0.223821282 0.006165273 0.974610686 -0.031243537
0.973788261 -0.001709354 0.227449983 -0.000802836 0.003928076 0.999949098 -0.009302479 0.005366460 -0.227422521 0.009952085 0.973745286 -0.029891258
0.973126471 -0.001109913 0.230268523 -0.000818210 0.003110881 0.999960542 -0.008326856 0.005358283 -0.230250180 0.008819422 0.973091483 -0.030605357
0.972616792 0.003486632 0.232388645 -0.000740475 -0.001083830 0.999944746 -0.010466467 0.005458633 -0.232412264 0.009927990 0.972566724 -0.030243931
0.972032011 0.001492901 0.234843284 -0.000783309 0.000574976 0.999961674 -0.008736629 0.005604584 -0.234847322 0.008627313 0.971993983 -0.031795114
0.971332610 0.002422317 0.237711862 -0.000763623 -0.000535684 0.999967992 -0.008000917 0.005410002 -0.237723589 0.007644214 0.971302748 -0.032530364
0.971050203 -0.002352922 0.238863721 -0.000796671 0.004828983 0.999940574 -0.009781322 0.006227532 -0.238826498 0.010651623 0.971003830 -0.033069592
0.970306695 -0.011603011 0.241599202 -0.001442352 0.014376770 0.999849379 -0.009721116 0.007406276 -0.241450012 0.012905879 0.970327437 -0.035514344
0.969743311 0.000019388 0.244126678 -0.001232511 0.003534365 0.999894083 -0.014118955 0.007684642 -0.244101077 0.014554596 0.969640613 -0.036437944
0.968979239 0.005525532 0.247080013 -0.001238745 -0.000886241 0.999821305 -0.018883741 0.008790948 -0.247140169 0.018078983 0.968811095 -0.038268439
0.969151616 0.002899833 0.246447951 -0.000981879 0.000507275 0.999905229 -0.013760251 0.007376172 -0.246464476 0.013460786 0.969058394 -0.035507694
0.968941331 -0.001293494 0.247286916 -0.000914944 0.004211602 0.999927640 -0.011271911 0.007042793 -0.247254431 0.011963294 0.968876719 -0.034743175
0.969271600 -0.002249378 0.245982721 -0.000300645 0.003643824 0.999979794 -0.005213871 0.005146791 -0.245965987 0.005949975 0.969260156 -0.033968613
0.968966424 -0.005375151 0.247133911 -0.000550902 0.006597183 0.999969840 -0.004117040 0.004884844 -0.247104317 0.005619663 0.968972623 -0.032187346
0.968626261 -0.005292716 0.248465613 -0.000434186 0.006055353 0.999979079 -0.002305224 0.004726221 -0.248448223 0.003737448 0.968637943 -0.035335731
0.969117761 -0.012243322 0.246293753 0.000443887 0.013006728 0.999914348 -0.001472959 0.005620347 -0.246254623 0.004630947 0.969194114 -0.037612334
0.969047725 -0.012292126 0.246567309 0.000603268 0.013656947 0.999899507 -0.003825898 0.007169730 -0.246495485 0.007074835 0.969118118 -0.041490670
0.969244301 -0.034037549 0.243735254 0.001027833 0.034669347 0.999397516 0.001698462 0.006360748 -0.243646204 0.006803918 0.969840348 -0.037519362
0.966665208 -0.027485540 0.254564047 -0.001481135 0.029620262 0.999550879 -0.004555562 0.008878202 -0.254324466 0.011943954 0.967045248 -0.040961310
0.966866076 -0.031957619 0.253275692 -0.000995427 0.035856545 0.999298811 -0.010791708 0.010664356 -0.252753168 0.019515729 0.967333913 -0.037127424
0.966100276 -0.031391967 0.256251216 -0.000913310 0.034996029 0.999342203 -0.009515508 0.009859354 -0.255783916 0.018160708 0.966563404 -0.039642010
0.965982139 -0.034000639 0.256363869 -0.000683698 0.039712436 0.999064326 -0.017134547 0.012170322 -0.255541354 0.026732499 0.966428459 -0.038186818
0.964882016 -0.041546006 0.259377241 -0.001275105 0.044009823 0.999024272 -0.003696665 0.009813124 -0.258970529 0.014981998 0.965768993 -0.041323464
0.964192450 -0.042444587 0.261785299 -0.001407336 0.045263983 0.998963833 -0.004746554 0.009965437 -0.261312574 0.016426034 0.965114474 -0.041488852
0.963597834 -0.045160767 0.263514280 -0.001320671 0.047884990 0.998845100 -0.003921064 0.009906954 -0.263032854 0.016396703 0.964647472 -0.041500825
0.962918282 -0.047104843 0.265649289 -0.001307311 0.049852911 0.998750031 -0.003607460 0.010128669 -0.265147239 0.016717080 0.964062929 -0.041924629
0.962182760 -0.051299673 0.267531067 -0.001366544 0.053609584 0.998561025 -0.001332013 0.009996536 -0.267077744 0.015623868 0.963548303 -0.042177252
0.961701155 -0.054914135 0.268543154 -0.001415116 0.056745593 0.998388231 0.000943310 0.010139914 -0.268162072 0.014331456 0.963267207 -0.042478155
0.960915923 -0.053189386 0.271682560 -0.001371561 0.055152807 0.998477876 0.000409314 0.009928321 -0.271290779 0.014590740 0.962386906 -0.041478992
0.960250497 -0.056414332 0.273379683 -0.001423423 0.058243636 0.998301387 0.001426680 0.010161373 -0.272995800 0.014552657 0.961905122 -0.042250056
0.959566414 -0.055228587 0.276011437 -0.001450936 0.057375051 0.998352766 0.000298656 0.010609645 -0.275573194 0.015549591 0.961154342 -0.043039732
0.959122777 -0.055842306 0.277426034 -0.001317886 0.056920342 0.998369992 0.004172951 0.010380327 -0.277206838 0.011788812 0.960738003 -0.044703465
0.957701087 -0.063014276 0.280781239 -0.002084095 0.063956708 0.997935772 0.005815181 0.010276361 -0.280568033 0.012388639 0.959754109 -0.046144634
0.957068503 -0.071313754 0.280952781 -0.001941633 0.072137170 0.997367024 0.007423980 0.010347468 -0.280742466 0.013161880 0.959692955 -0.046744462
0.957037628 -0.065586120 0.282449037 -0.001889930 0.066184141 0.997779727 0.007434218 0.010465091 -0.282309532 0.011578819 0.959253550 -0.045687642
0.956959367 -0.065893322 0.282642901 -0.001509534 0.067592777 0.997705936 0.003745438 0.010954753 -0.282241285 0.015520385 0.959217906 -0.043353699
0.956574917 -0.067150161 0.283646524 -0.001372389 0.068289526 0.997648239 0.005881174 0.010613611 -0.283374369 0.013744302 0.958910942 -0.042150360
0.955976188 -0.069994271 0.284974277 -0.001435533 0.071546152 0.997424901 0.004974512 0.011267296 -0.284588605 0.015633296 0.958522260 -0.043465879
0.955187798 -0.083213292 0.284063220 -0.001541842 0.083089136 0.996463656 0.012508805 0.010848965 -0.284099489 0.011654310 0.958723962 -0.043591220
0.954430401 -0.084411949 0.286246926 -0.001596006 0.084309518 0.996358573 0.012705825 0.011087507 -0.286277056 0.012006516 0.958071649 -0.044119123
0.953648388 -0.078669243 0.290458262 -0.001710383 0.078057416 0.996854544 0.013711012 0.011006698 -0.290623218 0.009596928 0.956789434 -0.043571018
0.953171134 -0.077180393 0.292417496 -0.001653945 0.075679198 0.996996284 0.016460523 0.010735914 -0.292809546 0.006440224 0.956149101 -0.043504674
0.952344418 -0.078443259 0.294765800 -0.001444054 0.077641778 0.996876717 0.014440459 0.010765017 -0.294977933 0.009133846 0.955460429 -0.042316891
0.951991498 -0.079503961 0.295620620 -0.001251263 0.078599781 0.996793985 0.014960995 0.010964447 -0.295862347 0.008992974 0.955188274 -0.042627890
0.950809956 -0.084131472 0.298131436 -0.001337118 0.083248377 0.996405482 0.015683213 0.011085997 -0.298379213 0.009907207 0.954396009 -0.042792417
0.949553967 -0.086391896 0.301469266 -0.001572236 0.085109480 0.996219456 0.017412152 0.011015878 -0.301833808 0.009124111 0.953316867 -0.043901019
0.948862851 -0.083708636 0.304388285 -0.001393312 0.082631864 0.996444523 0.016441870 0.011138098 -0.304682344 0.009551089 0.952406168 -0.043744873
0.947769344 -0.079843685 0.308801651 -0.001665466 0.078650877 0.996768534 0.016330153 0.010900827 -0.309107572 0.008810300 0.950986326 -0.044158209
0.946421385 -0.080578268 0.312719762 -0.001933137 0.078030273 0.996736586 0.020675967 0.010174043 -0.313365251 0.004833427 0.949620366 -0.046329688
0.945924222 -0.082411505 0.313744664 -0.001438790 0.080420524 0.996574044 0.019306937 0.010640507 -0.314260870 0.006968608 0.949311078 -0.044883363
0.944596648 -0.075766705 0.319369227 -0.001922553 0.073673978 0.997108102 0.018647384 0.010137669 -0.319858491 0.005914945 0.947446883 -0.045412105
0.943520129 -0.070351116 0.323759764 -0.001913184 0.069539845 0.997479677 0.014089320 0.010798515 -0.323934972 0.009220649 0.946034372 -0.045475192
0.942656517 -0.073862299 0.325488746 -0.001830491 0.072563812 0.997233152 0.016145475 0.010426242 -0.325780690 0.008399070 0.945408046 -0.046828046
0.941564322 -0.065724112 0.330358714 -0.001756849 0.064904958 0.997799873 0.013522612 0.010347672 -0.330520630 0.008709510 0.943758547 -0.047166605
0.940692008 -0.064750917 0.333025515 -0.001596376 0.063459337 0.997875154 0.014766570 0.009843037 -0.333274096 0.007242784 0.942802131 -0.045720030
0.939487517 -0.057597931 0.337706536 -0.001961383 0.057665933 0.998287439 0.009839504 0.010355191 -0.337694943 0.010230070 0.941200018 -0.047482584
0.938890219 -0.055976190 0.339635074 -0.001921614 0.055904996 0.998385966 0.010002502 0.010227149 -0.339646816 0.009596044 0.940504134 -0.046795916
0.938477039 -0.055268373 0.340890706 -0.001628001 0.055963274 0.998402357 0.007802609 0.010886160 -0.340777308 0.011754789 0.940070629 -0.045237891
0.937813044 -0.055724129 0.342638969 -0.001527042 0.056496959 0.998372972 0.007733710 0.010938320 -0.342512369 0.012105283 0.939435303 -0.044208784
0.937518001 -0.059923038 0.342737973 -0.001291228 0.059876405 0.998148203 0.010727905 0.010864188 -0.342746109 0.010464313 0.939369738 -0.043672428
0.936690807 -0.061783060 0.344663948 -0.001433829 0.062048007 0.998020351 0.010273649 0.010989711 -0.344616354 0.011762476 0.938669920 -0.043966100
0.936107993 -0.060766764 0.346423417 -0.001417406 0.060696859 0.998095036 0.011062112 0.011028422 -0.346435696 0.010671485 0.938013077 -0.043970622
0.935742915 -0.062030472 0.347185075 -0.001490371 0.061648626 0.998023927 0.012156704 0.011122004 -0.347253025 0.010027932 0.937717795 -0.044198230
0.935013115 -0.063585922 0.348865747 -0.001598474 0.062509380 0.997941136 0.014354862 0.011056261 -0.349060237 0.008385397 0.937062681 -0.044355065
0.934476554 -0.070517659 0.348971277 -0.001535762 0.069097102 0.997472942 0.016533857 0.011137387 -0.349255294 0.008662403 0.936987519 -0.044373125
0.933537364 -0.077118747 0.350086838 -0.001648941 0.075486936 0.996978343 0.018326461 0.011213853 -0.350442290 0.009318545 0.936537981 -0.044542104
0.933354616 -0.072304174 0.351598144 -0.001689305 0.071143694 0.997333884 0.016237602 0.011643659 -0.351834804 0.009858544 0.936010242 -0.045569379
0.932734668 -0.074069053 0.352873653 -0.001735537 0.072126813 0.997220874 0.018669594 0.011541157 -0.353275746 0.008037874 0.935484707 -0.045596294
0.931652665 -0.083134882 0.353711903 -0.001682136 0.080559090 0.996506453 0.022027433 0.011330741 -0.354307413 0.007972794 0.935095072 -0.044753801
0.931121051 -0.081511468 0.355484992 -0.001939960 0.079442032 0.996629834 0.020441398 0.011762725 -0.355953157 0.009207036 0.934458494 -0.045794230
0.930307686 -0.077757679 0.358443111 -0.002445654 0.077110782 0.996892095 0.016123263 0.012721539 -0.358582854 0.012640229 0.933412254 -0.048566125
0.929185212 -0.078828901 0.361110687 -0.002817393 0.078098275 0.996806741 0.016641498 0.012835658 -0.361269385 0.012739089 0.932374477 -0.049478479
0.929094851 -0.075965546 0.361955762 -0.002445286 0.074796893 0.997049391 0.017261686 0.012603389 -0.362199038 0.011035423 0.932035506 -0.048043452
0.928452849 -0.069092460 0.364967942 -0.002117659 0.067235522 0.997578204 0.017810091 0.012132308 -0.365314603 0.008002983 0.930849731 -0.046718314
0.927376390 -0.086114474 0.364084244 -0.002054254 0.083184630 0.996251047 0.023753233 0.011903982 -0.364764750 0.008258020 0.931063116 -0.046452928
0.926770031 -0.086423472 0.365552127 -0.002852663 0.084344484 0.996200621 0.021685494 0.013526077 -0.366037399 0.010734838 0.930538237 -0.051262319
0.925027311 -0.092917599 0.368362486 -0.003153233 0.091335349 0.995582163 0.021770461 0.013623947 -0.368757963 0.013506246 0.929427266 -0.051154271
0.925072491 -0.081592612 0.370922446 -0.002688075 0.079402454 0.996617198 0.021200038 0.012956608 -0.371397465 0.009840578 0.928421795 -0.049377404
0.923316002 -0.094208643 0.372306794 -0.002849377 0.090354383 0.995520771 0.027829276 0.012231420 -0.373260856 0.007944331 0.927692413 -0.048694417
0.923920095 -0.084573053 0.373120725 -0.001906035 0.082264371 0.996364772 0.022137357 0.012308096 -0.373636514 0.010241391 0.927518725 -0.047008548
0.922428429 -0.080911621 0.377596468 -0.002910255 0.078259952 0.996681571 0.022388753 0.013451184 -0.378154933 0.008898660 0.925699532 -0.051443193
0.921491206 -0.080524087 0.379960209 -0.002968676 0.078294665 0.996701717 0.021346053 0.013515315 -0.380425900 0.010078656 0.924756527 -0.051684007
0.920342267 -0.076062456 0.383646429 -0.003347348 0.073845863 0.997058451 0.020527305 0.014009752 -0.384079248 0.009438558 0.923251867 -0.053221736
0.919724524 -0.078934155 0.384546816 -0.002753530 0.076479770 0.996835053 0.021698311 0.013715832 -0.385042459 0.009453579 0.922850430 -0.051576659
0.918545127 -0.082316406 0.386650741 -0.002893554 0.079560660 0.996560931 0.023155957 0.013418236 -0.387227118 0.009492394 0.921935499 -0.051353537
0.917040646 -0.075658068 0.391551286 -0.003416598 0.073498532 0.997084141 0.020524325 0.013851826 -0.391962379 0.009956802 0.919927299 -0.052707914
0.916392267 -0.075338379 0.393127561 -0.003131842 0.072860241 0.997115850 0.021246355 0.013760079 -0.393594354 0.009173369 0.919238389 -0.052288800
0.915332794 -0.077183701 0.395232201 -0.002959874 0.074626103 0.996971786 0.021866288 0.013566351 -0.395723075 0.009479705 0.918320954 -0.051863730
0.914587200 -0.074693792 0.397430718 -0.003061946 0.071944535 0.997169256 0.021847364 0.013499985 -0.397937536 0.008611648 0.917372108 -0.052128047
0.913521051 -0.075908154 0.399646521 -0.003121223 0.073468886 0.997066915 0.021444276 0.013684035 -0.400102109 0.009771790 0.916418433 -0.052830145
0.912467599 -0.070925236 0.402954757 -0.003683941 0.068902448 0.997432172 0.019535346 0.014095663 -0.403305650 0.009939198 0.915011287 -0.054390457
0.911830008 -0.073794484 0.403881669 -0.003270846 0.072215334 0.997205019 0.019164294 0.014030958 -0.404167026 0.011691870 0.914610445 -0.053196393
0.911288917 -0.077365927 0.404434204 -0.003056455 0.074272022 0.996964455 0.023360536 0.013542600 -0.405013770 0.008749946 0.914268672 -0.052408472
0.910711527 -0.072354592 0.406656116 -0.003225198 0.070499837 0.997319877 0.019563584 0.014076549 -0.406981766 0.010852406 0.913371801 -0.053324834
0.910073936 -0.074156910 0.407757580 -0.003300421 0.071647748 0.997199416 0.021445276 0.013946377 -0.408205897 0.009698126 0.912838399 -0.053874560
0.909016848 -0.077934623 0.409407556 -0.003375005 0.074396461 0.996925533 0.024590155 0.013467938 -0.410065234 0.008105603 0.912020087 -0.053491548
0.909239411 -0.074389495 0.409572810 -0.003273303 0.072297342 0.997170031 0.020615116 0.014300150 -0.409947306 0.010866953 0.912044406 -0.053899880
0.909485221 -0.071197391 0.409594327 -0.003153544 0.069221988 0.997407377 0.019669289 0.014426719 -0.409932822 0.010464005 0.912055671 -0.054343570
0.908975840 -0.074599080 0.410119236 -0.003021935 0.071198016 0.997183442 0.023582583 0.013837473 -0.410723329 0.007763683 0.911726952 -0.053182341
0.908882439 -0.073897339 0.410453379 -0.003199017 0.071065001 0.997225106 0.022176830 0.013975460 -0.410953224 0.009012736 0.911611855 -0.053551070
0.908723712 -0.074213877 0.410747439 -0.003033707 0.070879206 0.997211158 0.023365438 0.013728463 -0.411335975 0.007880718 0.911449730 -0.052733965
0.909918010 -0.079222679 0.407152325 -0.003073290 0.071829662 0.996856213 0.033438385 0.011458376 -0.408521444 -0.001180569 0.912747860 -0.058419060
0.910792291 -0.074783809 0.406035334 -0.002046265 0.071539111 0.997168243 0.023187049 0.013874691 -0.406619579 0.007928820 0.913563073 -0.056274738
0.910515249 -0.076677829 0.406303465 -0.001843521 0.073065624 0.997028112 0.024421595 0.013678403 -0.406968564 0.007450582 0.913411736 -0.053883798
0.908640742 -0.072003275 0.411324024 -0.003109025 0.069437131 0.997361064 0.021199459 0.014008900 -0.411765069 0.009298470 0.911242545 -0.053508531
0.908549368 -0.071301617 0.411647916 -0.003200922 0.068613328 0.997415423 0.021325810 0.013900309 -0.412104458 0.008868983 0.911093354 -0.053655058
0.908197880 -0.072759330 0.412168264 -0.003374478 0.069283426 0.997322738 0.023392070 0.013883675 -0.412766814 0.007311802 0.910807371 -0.054074138
0.908588409 -0.067102194 0.412267476 -0.003483690 0.065748893 0.997682989 0.017483899 0.014962590 -0.412485451 0.011220461 0.910894990 -0.054906651
0.908277094 -0.067756116 0.412846148 -0.004236560 0.067679018 0.997597039 0.014828775 0.016082168 -0.412858725 0.014472384 0.910680056 -0.057178315
0.908049047 -0.071515746 0.412713498 -0.004634434 0.071178019 0.997331798 0.016214138 0.016067741 -0.412771881 0.014652899 0.910716534 -0.058375902
0.908156335 -0.070482522 0.412654996 -0.003857581 0.068367995 0.997461557 0.019907100 0.014721940 -0.413010567 0.010133635 0.910669923 -0.055460781
0.908986926 -0.066715680 0.411450833 -0.003154611 0.063000642 0.997757554 0.022601277 0.013757635 -0.412036031 0.005377398 0.911151588 -0.053919028
