1.000000000 0.000000000 0.000000000 0.000000000 0.000000000 1.000000000 0.000000000 0.000000000 0.000000000 0.000000000 1.000000000 0.000000000
1.000000000 -0.000115559 -0.000020108 -0.000018321 0.000115563 1.000000000 0.000192672 -0.000071246 0.000020086 -0.000192674 1.000000000 0.000055142
0.999999881 0.000078939 0.000467204 -0.000141142 -0.000079280 0.999999702 0.000730269 -0.000012493 -0.000467146 -0.000730306 0.999999642 0.000020159
0.999999285 0.001168557 -0.000304075 -0.000022840 -0.001168285 0.999998927 0.000894578 -0.000022943 0.000305120 -0.000894222 0.999999583 0.000133385
0.999999344 0.000957047 -0.000582167 -0.000022288 -0.000956695 0.999999344 0.000605212 0.000034477 0.000582746 -0.000604655 0.999999642 -0.000048244
0.999998093 0.001868475 -0.000605912 -0.000033881 -0.001868063 0.999998033 0.000680119 0.000011168 0.000607181 -0.000678986 0.999999583 0.000140267
0.999999583 0.000874425 -0.000184480 -0.000114162 -0.000874210 0.999998927 0.001158326 -0.000058995 0.000185493 -0.001158164 0.999999285 -0.000025387
0.999999642 0.000868017 0.000127226 -0.000042807 -0.000868127 0.999999225 0.000870932 -0.000014521 -0.000126470 -0.000871043 0.999999642 0.000074526
0.999999285 0.001073758 0.000494697 -0.000125685 -0.001074224 0.999998987 0.000942320 -0.000018648 -0.000493684 -0.000942850 0.999999404 -0.000018463
0.999999404 0.001014544 0.000428120 -0.000065214 -0.001014678 0.999999464 0.000311598 0.000066390 -0.000427804 -0.000312032 0.999999881 -0.000055698
0.999999464 0.000786352 0.000708133 -0.000043372 -0.000787269 0.999998868 0.001296283 -0.000036691 -0.000707113 -0.001296840 0.999998927 0.000053407
0.999993145 0.003486175 0.001240340 -0.000073737 -0.003486899 0.999993742 0.000581833 0.000133742 -0.001238304 -0.000586154 0.999999046 -0.000148210
0.999985754 0.004841403 0.002235012 0.000000571 -0.004844483 0.999987304 0.001374793 0.000048467 -0.002228328 -0.001385601 0.999996543 -0.000086407
0.999985814 0.004623750 0.002637829 -0.000045854 -0.004628566 0.999987602 0.001822647 0.000098993 -0.002629369 -0.001834831 0.999994874 -0.000151508
0.999984920 0.004677537 0.002869171 -0.000055532 -0.004683223 0.999987066 0.001978023 -0.000002163 -0.002859881 -0.001991430 0.999993920 -0.000186835
0.999983907 0.003728159 0.004275878 -0.000008311 -0.003738261 0.999990225 0.002357028 0.000019440 -0.004267049 -0.002372974 0.999988079 0.000151880
0.999973357 0.005132409 0.005189778 -0.000029248 -0.005149622 0.999981284 0.003308726 -0.000077156 -0.005172699 -0.003335363 0.999981046 0.000297841
0.999975324 0.003151568 0.006279828 -0.000103996 -0.003171451 0.999989986 0.003158755 0.000117354 -0.006269810 -0.003178594 0.999975264 -0.000026164
0.999956906 0.005532403 0.007457487 -0.000066434 -0.005563720 0.999975741 0.004185192 0.000036827 -0.007434152 -0.004226503 0.999963462 0.000134638
0.999949872 0.005759441 0.008193394 -0.000118565 -0.005792449 0.999975204 0.004010560 0.000060300 -0.008170092 -0.004057819 0.999958396 0.000240924
0.999937296 0.006001316 0.009452675 -0.000099614 -0.006040975 0.999973059 0.004172650 0.000068602 -0.009427379 -0.004229492 0.999946594 0.000179685
0.999920070 0.006256879 0.010985010 -0.000178717 -0.006298540 0.999973059 0.003762039 -0.000014473 -0.010961177 -0.003830928 0.999932587 0.000081313
0.999884009 0.007559181 0.013222504 -0.000239242 -0.007605149 0.999965191 0.003429751 0.000024325 -0.013196118 -0.003529912 0.999906719 -0.000506119
0.999860704 0.008184904 0.014547173 -0.000200621 -0.008233746 0.999960661 0.003300757 0.000165085 -0.014519583 -0.003420075 0.999888718 0.000076049
0.999837577 0.008139983 0.016078193 -0.000173552 -0.008200350 0.999959588 0.003692282 -0.000016537 -0.016047487 -0.003823529 0.999863923 0.000532979
0.999742210 0.013323276 0.018383645 -0.000068825 -0.013396172 0.999902844 0.003847802 -0.000062136 -0.018330593 -0.004093081 0.999823630 0.000386750
0.999702752 0.012493567 0.020935278 -0.000182743 -0.012588301 0.999911070 0.004399456 -0.000001647 -0.020878453 -0.004661688 0.999771178 0.000020899
0.999626279 0.012924397 0.024089213 -0.000183638 -0.013010883 0.999909461 0.003436902 -0.000060057 -0.024042614 -0.003749039 0.999703884 0.000526685
0.999541044 0.014011068 0.026857890 -0.000114803 -0.014115069 0.999893606 0.003686595 -0.000079016 -0.026803378 -0.004064004 0.999632478 0.000632167
0.999456108 0.013937412 0.029887618 -0.000082860 -0.014043341 0.999895751 0.003337305 0.000073718 -0.029837992 -0.003755212 0.999547720 0.000387414
0.999398887 0.012251588 0.032434124 -0.000011055 -0.012372483 0.999917209 0.003529243 0.000034526 -0.032388210 -0.003928412 0.999467671 0.000627776
0.999306321 0.013195588 0.034822334 -0.000019921 -0.013352566 0.999901652 0.004279294 -0.000031412 -0.034762438 -0.004741294 0.999384344 0.000369785
0.999193668 0.013006285 0.037981812 -0.000119389 -0.013173494 0.999904573 0.004155411 0.000079614 -0.037924133 -0.004652415 0.999269843 0.000414038
0.999159396 0.012082109 0.039172605 -0.000107999 -0.012235166 0.999918401 0.003669861 0.000067467 -0.039125077 -0.004146060 0.999225736 0.000478874
0.999064267 0.009927234 0.042095456 -0.000161842 -0.010096548 0.999941707 0.003811455 0.000091133 -0.042055164 -0.004232907 0.999106288 0.000313973
0.998997092 0.008024159 0.044048104 -0.000123891 -0.008193356 0.999959648 0.003662020 0.000006585 -0.044016942 -0.004019250 0.999022782 0.000230448
0.998882115 0.006754090 0.046784244 -0.000052079 -0.006917574 0.999970436 0.003333444 0.000028757 -0.046760343 -0.003653352 0.998899460 0.000544419
0.998760581 0.004283687 0.049587931 -0.000146714 -0.004470888 0.999983132 0.003664826 -0.000008141 -0.049571399 -0.003881986 0.998763025 0.000554948
0.998652875 0.002333313 0.051835291 -0.000228685 -0.002522684 0.999990344 0.003588186 0.000037135 -0.051826417 -0.003714117 0.998649180 0.000324986
0.998542488 0.000410175 0.053969577 -0.000075550 -0.000614817 0.999992728 0.003775275 0.000070166 -0.053967632 -0.003802954 0.998535395 0.000715921
0.998369992 0.001645486 0.057050560 -0.000032345 -0.001881452 0.999989867 0.004082631 0.000080629 -0.057043262 -0.004183314 0.998363018 0.000657056
0.998192310 -0.001019899 0.060092591 -0.000107814 0.000745111 0.999989152 0.004594963 0.000089545 -0.060096636 -0.004541880 0.998182237 0.000698584
0.997992873 -0.002040624 0.063292965 0.000066883 0.001656892 0.999979854 0.006114674 0.000053016 -0.063304186 -0.005997532 0.997976184 0.000998617
0.997762024 -0.000724528 0.066861354 -0.000111220 0.000274741 0.999977231 0.006736109 0.000114281 -0.066864714 -0.006702664 0.997739553 0.000428332
0.997554302 0.000651579 0.069893368 -0.000135712 -0.001158127 0.999973297 0.007207175 0.000094008 -0.069886804 -0.007270494 0.997528434 0.000410638
0.997315645 -0.001887468 0.073196389 -0.000068520 0.001249508 0.999960899 0.008760542 -0.000012228 -0.073210053 -0.008645567 0.997279048 0.000531438
0.996988177 0.000503233 0.077552654 -0.000103284 -0.001258781 0.999952137 0.009693816 0.000095843 -0.077544078 -0.009762242 0.996941209 0.000650281
0.996691167 0.001391620 0.081269890 0.000009580 -0.002284603 0.999937952 0.010895929 0.000040451 -0.081249684 -0.011045545 0.996632576 0.000927492
0.996385992 -0.000082654 0.084940851 0.000007275 -0.000983119 0.999921203 0.012505338 0.000066972 -0.084935203 -0.012543650 0.996307552 0.001067264
0.996065438 0.002506686 0.088584147 -0.000021482 -0.003773347 0.999892950 0.014134414 0.000092834 -0.088539228 -0.014413062 0.995968401 0.000844766
0.995732844 0.002972476 0.092234120 -0.000043919 -0.004421051 0.999869943 0.015505049 0.000043037 -0.092176035 -0.015846662 0.995616615 0.000819749
0.995332778 0.004641443 0.096390501 0.000072524 -0.006330473 0.999831557 0.017224379 0.000026832 -0.096294329 -0.017754188 0.995194554 0.001121036
0.994965255 0.005255096 0.100082234 0.000118160 -0.007097341 0.999811649 0.018060161 0.000091761 -0.099968478 -0.018679552 0.994815290 0.001078895
0.994452119 0.003668352 0.105125859 0.000014160 -0.005785153 0.999786377 0.019838041 0.000082774 -0.105030641 -0.020336153 0.994261026 0.001010791
0.993952334 0.004815795 0.109705955 -0.000066175 -0.007213846 0.999743342 0.021472504 0.000083117 -0.109574392 -0.022134049 0.993732095 0.000876666
0.993462920 0.005639803 0.114015438 -0.000145800 -0.008300529 0.999703765 0.022875292 0.000052939 -0.113852665 -0.023672145 0.993215621 0.000394909
0.992937267 0.010392597 0.118184075 -0.000066069 -0.013361288 0.999614000 0.024354691 0.000099123 -0.117885359 -0.025761772 0.992693067 0.000859138
0.992507517 0.008426809 0.121892244 -0.000139391 -0.011583473 0.999615014 0.025211781 0.000033584 -0.121632874 -0.026434822 0.992223084 0.000528663
0.992005229 0.009530944 0.125836641 -0.000026652 -0.012829307 0.999594331 0.025427105 0.000153201 -0.125543267 -0.026838217 0.991725028 0.000693508
0.991429746 0.009984777 0.130258098 -0.000146848 -0.013493684 0.999568641 0.026083382 0.000117530 -0.129941493 -0.027617507 0.991136968 0.000702121
0.990496576 0.010679710 0.137122199 0.000033694 -0.014365894 0.999560893 0.025921041 -0.000011672 -0.136785150 -0.027644590 0.990214944 0.001035921
0.990017474 0.013162496 0.140327901 -0.000075315 -0.016824495 0.999547303 0.024941634 0.000074364 -0.139936119 -0.027053604 0.989790916 0.000881464
0.989627063 0.013027529 0.143068358 -0.000044805 -0.016675418 0.999565065 0.024328103 0.000022476 -0.142689213 -0.026461475 0.989413738 0.000835671
0.988595963 0.014020209 0.149938107 -0.000097326 -0.017952368 0.999528646 0.024903851 -0.000030292 -0.149518296 -0.027311591 0.988381743 0.000819076
0.987257957 0.015539672 0.158367813 -0.000203980 -0.019469267 0.999539137 0.023291806 0.000076958 -0.157932922 -0.026078325 0.987105370 0.000643983
0.986655474 0.014672789 0.162158951 -0.000118465 -0.018633129 0.999563515 0.022928698 0.000074100 -0.161751747 -0.025644256 0.986498237 0.001059205
0.985833704 0.014596859 0.167088985 -0.000143654 -0.018684115 0.999562800 0.022915656 0.000053580 -0.166681424 -0.025712933 0.985675454 0.001447339
0.985127151 0.015134308 0.171159238 -0.000028675 -0.019177051 0.999574304 0.021991026 0.000025330 -0.170753583 -0.024946287 0.984997988 0.000803959
0.984348714 0.014649143 0.175621450 0.000215820 -0.018851357 0.999573946 0.022283182 0.000078783 -0.175220221 -0.025245123 0.984205663 0.001486242
0.983444989 0.011452744 0.180844769 -0.000091143 -0.015685203 0.999635160 0.021991065 0.000054852 -0.180526927 -0.024463585 0.983265758 0.001155174
0.982585311 0.013581658 0.185314775 0.000150679 -0.017918108 0.999603033 0.021745741 0.000081144 -0.184945852 -0.024687532 0.982438624 0.001676262
0.980845332 0.013513935 0.194318891 0.000031792 -0.017802462 0.999634564 0.020340091 0.000026330 -0.193973035 -0.023409832 0.980727553 0.001119820
0.979980886 0.014410295 0.198569447 -0.000045641 -0.018627282 0.999638557 0.019385122 0.000007825 -0.198218331 -0.022695858 0.979895175 0.000946679
0.979111135 0.013280848 0.202891350 -0.000001972 -0.017374376 0.999679565 0.018408153 0.000067019 -0.202581853 -0.021548737 0.979028285 0.001468002
0.977453530 0.012238968 0.210795432 0.000056648 -0.015937624 0.999747276 0.015856190 0.000118665 -0.210548103 -0.018858269 0.977401614 0.001526204
0.976639807 0.011571612 0.214571133 0.000137831 -0.015151487 0.999771953 0.015046615 0.000177411 -0.214348108 -0.017946195 0.976592422 0.001787819
0.976079524 0.011541316 0.217107177 0.000098915 -0.014886218 0.999794304 0.013777481 0.000159063 -0.216903523 -0.016679820 0.976050615 0.001403335
0.975327671 0.007814506 0.220624059 0.000194459 -0.011206961 0.999837458 0.014129117 0.000094460 -0.220477790 -0.016253039 0.975256622 0.001524070
0.974471211 0.008451971 0.224352926 0.000178734 -0.011753421 0.999841332 0.013384009 0.000121226 -0.224204212 -0.015679244 0.974416077 0.001850631
0.972914040 0.008612036 0.231006533 0.000158667 -0.011753342 0.999856174 0.012225606 0.000144491 -0.230868012 -0.014609566 0.972875416 0.001684187
0.972369909 0.003763259 0.233415172 0.000144632 -0.006632050 0.999911845 0.011506871 0.000034211 -0.233351290 -0.012736955 0.972309113 0.001335091
0.971432924 0.005163836 0.237258077 0.000294279 -0.007838389 0.999915957 0.010330806 0.000185363 -0.237184808 -0.011895410 0.971391678 0.002088994
0.969819009 0.003603677 0.243799210 0.000223185 -0.006191693 0.999932349 0.009849859 0.000183695 -0.243747205 -0.011062112 0.969775796 0.001907379
0.969262898 0.003491735 0.246002644 0.000342347 -0.006121842 0.999931991 0.009927435 0.000152307 -0.245951235 -0.011128283 0.969218314 0.001832595
0.968327343 0.002341865 0.249672875 0.000305880 -0.004436144 0.999959648 0.007825721 0.000281003 -0.249644458 -0.008685444 0.968298614 0.002103161
0.967320383 -0.001105142 0.253554612 0.000020224 -0.000938370 0.999968052 0.007938368 0.000137169 -0.253555298 -0.007916873 0.967288494 0.001421400
0.965703189 -0.009109798 0.259488940 0.000348468 0.006891426 0.999931633 0.009457441 0.000085420 -0.259557366 -0.007344833 0.965699852 0.001960998
0.964737177 -0.006870150 0.263125449 0.000206762 0.004806207 0.999952435 0.008486820 0.000134509 -0.263171285 -0.006922917 0.964724362 0.001599174
0.963650107 -0.008733580 0.267024726 0.000482354 0.006748133 0.999942362 0.008352173 0.000239312 -0.267082304 -0.006246654 0.963653505 0.002259139
0.962247431 -0.010838085 0.271960258 0.000299897 0.008872464 0.999924958 0.008456247 0.000073762 -0.272031486 -0.005724045 0.962271333 0.001987677
0.960993946 -0.008589933 0.276436090 0.000361946 0.006697176 0.999947190 0.007790349 0.000209673 -0.276488423 -0.005635135 0.961000800 0.002048668
0.958663106 -0.010565324 0.284347117 0.000501751 0.008614417 0.999930024 0.008110723 0.000339427 -0.284412950 -0.005325966 0.958687127 0.002321651
0.957502663 -0.007734977 0.288320541 0.000382955 0.005621421 0.999950945 0.008157840 0.000234216 -0.288369536 -0.006190384 0.957499206 0.001431409
0.956449211 -0.010009836 0.291727036 0.000267730 0.007878290 0.999933064 0.008480467 0.000228252 -0.291792333 -0.005812831 0.956463933 0.001196807
0.954981327 -0.010935079 0.296464384 0.000216659 0.008831432 0.999925554 0.008434109 0.000187340 -0.296534508 -0.005436208 0.955006778 0.001733046
0.953461826 -0.008325713 0.301398784 0.000163835 0.005945283 0.999943495 0.008814370 0.000149519 -0.301455200 -0.006612265 0.953457475 0.001991324
0.952163696 -0.005292611 0.305542827 0.000011564 0.002882508 0.999961078 0.008338558 0.000094815 -0.305575073 -0.007058941 0.952141881 0.000682988
0.950855017 -0.003197406 0.309619904 0.000331587 0.000787261 0.999968410 0.007908842 0.000136616 -0.309635401 -0.007276408 0.950827539 0.001358921
0.948212862 -0.006254181 0.317574024 -0.000033492 0.004197923 0.999965608 0.007158769 0.000011328 -0.317607939 -0.005454889 0.948206544 0.001083288
0.946882427 -0.007392394 0.321495026 -0.000026678 0.006238343 0.999969900 0.004619658 0.000192897 -0.321519494 -0.002368677 0.946900070 0.001114682
0.945243776 -0.006854046 0.326293170 0.000028567 0.005762703 0.999974132 0.004311195 0.000148815 -0.326314300 -0.002194798 0.945258856 0.001266695
0.943487763 -0.009844795 0.331261069 0.000085778 0.008533978 0.999948859 0.005411413 0.000202024 -0.331297427 -0.002278629 0.943523645 0.001743310
0.939585268 -0.009132935 0.342193246 0.000101526 0.008048343 0.999957025 0.004589334 0.000242613 -0.342220485 -0.001557982 0.939618468 0.001755301
0.937629759 -0.012416186 0.347413749 0.000118892 0.011847668 0.999922693 0.003760648 0.000201531 -0.347433686 0.000589948 0.937704444 0.001893543
0.933345318 -0.015164238 0.358659416 -0.000002142 0.015233349 0.999880552 0.002633282 0.000168453 -0.358656526 0.003005824 0.933464825 0.001776150
0.928607404 -0.016827453 0.370681971 0.000103408 0.017776946 0.999841630 0.000855136 0.000268348 -0.370637625 0.005795508 0.928759515 0.002040747
0.925926387 -0.018081885 0.377271026 -0.000006513 0.019189417 0.999815524 0.000823175 0.000184018 -0.377216309 0.006477413 0.926102519 0.001668387
0.923540294 -0.019870549 0.382986277 0.000229569 0.021686191 0.999764740 -0.000423509 0.000295271 -0.382887810 0.008696643 0.923753977 0.001910386
0.918238997 -0.022024825 0.395413935 0.000151993 0.024290381 0.999704659 -0.000723428 0.000271928 -0.395281255 0.010269037 0.918502748 0.001875196
0.915764093 -0.023721937 0.401015460 -0.000145639 0.026059033 0.999660313 -0.000374165 0.000330617 -0.400870413 0.010792724 0.916071236 0.001454923
0.913519502 -0.024306476 0.406067967 0.000178437 0.026910840 0.999637544 -0.000704099 0.000319374 -0.405903786 0.011570840 0.913842559 0.001903211
0.908311546 -0.023166001 0.417652369 0.000284715 0.025936611 0.999663115 -0.000958515 0.000373290 -0.417489469 0.011703116 0.908606410 0.001713784
0.905071199 -0.022492167 0.424664736 0.000249010 0.025362160 0.999677718 -0.001105909 0.000315752 -0.424503058 0.011771341 0.905350029 0.001832964
0.901780546 -0.022491636 0.431608617 0.000142671 0.025170233 0.999683082 -0.000494703 0.000279561 -0.431460768 0.011309803 0.902060926 0.001764197
0.895370364 -0.021604549 0.444798023 -0.000752109 0.022921251 0.999734342 0.002418630 0.000020205 -0.444732100 0.008029757 0.895627618 0.000781020
0.893075943 -0.021009887 0.449415088 -0.000288638 0.023003494 0.999734759 0.001024554 0.000375889 -0.449317515 0.009423115 0.893322527 0.001148541
0.891005337 -0.022877755 0.453416079 -0.000414521 0.024385661 0.999699414 0.002521136 0.000177677 -0.453337520 0.008810507 0.891295433 0.000047253
0.886098266 -0.023572886 0.462897718 -0.000637551 0.024466667 0.999692321 0.004073830 -0.000011372 -0.462851346 0.007715750 0.886402428 -0.001177394
0.883177519 -0.023229538 0.468463361 -0.000833233 0.024170196 0.999699771 0.004004565 0.000120036 -0.468415797 0.007786110 0.883473873 -0.000758108
0.880866587 -0.022113720 0.472847641 -0.001041411 0.022917341 0.999729097 0.004061788 0.000221605 -0.472809374 0.007258519 0.881134868 -0.000734725
0.878776371 -0.021079313 0.476767957 -0.000681239 0.022030270 0.999750793 0.003595837 0.000271823 -0.476724982 0.007343390 0.879021883 0.000077900
0.875590146 -0.020550331 0.482617497 -0.000457691 0.020714857 0.999772966 0.004989329 0.000174090 -0.482610524 0.005628748 0.875817120 -0.000640445
0.872437477 -0.020182431 0.488308907 -0.000947888 0.020040389 0.999783933 0.005517171 -0.000029965 -0.488314748 0.004972514 0.872653484 -0.002386143
0.871069312 -0.024180511 0.490564585 -0.001215189 0.023256358 0.999697685 0.007981205 -0.000559484 -0.490609229 0.004456564 0.871368408 -0.003245639
0.868741155 -0.024327895 0.494668484 -0.001068548 0.023348687 0.999694049 0.008159980 -0.000564871 -0.494715691 0.004460951 0.869043469 -0.003290465
0.864620209 -0.036851700 0.501072586 -0.000800975 0.036228843 0.999283195 0.010978632 -0.000255977 -0.501118004 0.008660932 0.865335643 -0.002447557
0.863664746 -0.042220712 0.502295315 -0.000588521 0.041677557 0.999055207 0.012314250 -0.000160043 -0.502340734 0.010299061 0.864608526 -0.002039013
0.860440731 -0.046227440 0.507449269 -0.000942905 0.045810595 0.998861432 0.013316599 -0.000010808 -0.507487118 0.011788411 0.861578643 -0.002194420
0.855156124 -0.053740885 0.515577197 -0.001478726 0.054281227 0.998426974 0.014037523 0.000294933 -0.515520573 0.015981885 0.856728196 -0.002429009
0.849784255 -0.063681558 0.523269832 -0.002511876 0.063948981 0.997798324 0.017578904 -0.000237587 -0.523237348 0.018524297 0.851985693 -0.004553723
0.847607613 -0.068271577 0.526213050 -0.002100370 0.068641596 0.997463405 0.018846449 -0.000373289 -0.526165009 0.020145711 0.850143909 -0.004083115
0.843470514 -0.066500790 0.533043265 -0.001439693 0.067031801 0.997581363 0.018386127 -0.000119895 -0.532976747 0.020222699 0.845888197 -0.003170082
0.835121214 -0.083992243 0.543615460 -0.001270618 0.083738498 0.996167243 0.025272464 -0.000365960 -0.543654501 0.024415983 0.838953853 -0.003870466
0.832217872 -0.088001877 0.547420382 -0.001279017 0.087870203 0.995779634 0.026493914 -0.000356299 -0.547441483 0.026053231 0.836438298 -0.003903280
0.826331794 -0.096560292 0.554843843 -0.001482893 0.096118227 0.994917870 0.029997632 -0.000306193 -0.554920614 0.028542602 0.831413507 -0.004150949
0.822335839 -0.103689939 0.559475005 -0.001467071 0.102889620 0.994144559 0.033018436 -0.000482360 -0.559622645 0.030411920 0.828189313 -0.004361124
0.820428312 -0.106324263 0.561776280 -0.001753891 0.105662264 0.993827999 0.033785202 -0.000280997 -0.561901093 0.031640220 0.826599061 -0.004625852
0.815772176 -0.111251503 0.567572832 -0.002247745 0.110533617 0.993226767 0.035815209 -0.000170847 -0.567713022 0.033518821 0.822543800 -0.005076648
0.811166584 -0.119221322 0.572533965 -0.002093346 0.118195370 0.992218077 0.039154772 -0.000327168 -0.572746575 0.035909813 0.818945527 -0.005408425
0.804743290 -0.130223766 0.579163194 -0.001709591 0.129326135 0.990667105 0.043051884 -0.000386107 -0.579364240 0.040255230 0.814073980 -0.004549716
0.798104942 -0.136383384 0.586879849 -0.001942569 0.135264933 0.989738524 0.046054199 -0.000582760 -0.587138653 0.042628184 0.808363140 -0.004855748
0.790763497 -0.141433686 0.595558345 -0.002193334 0.139998823 0.988940001 0.048968278 -0.000432570 -0.595897257 0.044655137 0.801818192 -0.004988486
0.784842968 -0.140560731 0.603543043 -0.003311975 0.139140815 0.989039481 0.049402338 -0.000273766 -0.603871882 0.045204394 0.795798421 -0.006003523
0.779929936 -0.140919402 0.609795868 -0.004268822 0.138562739 0.989022315 0.051333934 -0.001090316 -0.610335588 0.044458106 0.790894330 -0.006905777
0.771820188 -0.136474624 0.621021986 -0.004218929 0.132879198 0.989748180 0.052359957 -0.000640744 -0.621801198 0.042108420 0.782042265 -0.006735388
0.768020749 -0.132791936 0.626506567 -0.003152459 0.129220381 0.990278363 0.051487148 -0.000416271 -0.627252817 0.041414205 0.777713776 -0.005388232
0.764908731 -0.125250682 0.631844044 -0.002583540 0.119501449 0.991478026 0.051872894 -0.000475561 -0.632956445 0.035828240 0.773357868 -0.004947740
0.757183552 -0.117024139 0.642634034 -0.001304142 0.111246854 0.992550790 0.049667664 -0.000300217 -0.643659234 0.033883467 0.764561653 -0.003648564
0.751928389 -0.114971332 0.649141967 -0.001714068 0.107907645 0.992859423 0.050854132 -0.000520232 -0.650353372 0.031808715 0.758965433 -0.004148219
0.744162977 -0.106127635 0.659513831 -0.001879318 0.097803608 0.993969500 0.049590796 -0.000511052 -0.660799444 0.027599188 0.750054836 -0.004243624
0.742216885 -0.104274176 0.661997736 -0.001920466 0.096034408 0.994174957 0.048925258 -0.000494933 -0.663243115 0.027261401 0.747907281 -0.004353960
0.739857495 -0.105243221 0.664480925 -0.001576928 0.097610727 0.994029641 0.048755176 -0.000397499 -0.665644944 0.028788580 0.745713115 -0.004091513
0.737862170 -0.105663754 0.666629255 -0.001536514 0.096758835 0.994027913 0.050459914 -0.000398287 -0.667979836 0.027269784 0.743679523 -0.003990040
0.735425115 -0.108095728 0.668928385 -0.001563832 0.098953888 0.993743181 0.051793627 -0.000363363 -0.670341730 0.028102729 0.741520286 -0.004194225
0.734453321 -0.105515167 0.670406520 -0.001598311 0.095686100 0.994071722 0.051629372 -0.000295644 -0.671879828 0.026229216 0.740195632 -0.004637746
0.731343806 -0.107816778 0.673432827 -0.001467373 0.096529469 0.993848681 0.054285042 -0.000375068 -0.675143123 0.025305081 0.737252474 -0.004045196
0.728432775 -0.115757607 0.675267220 -0.001566469 0.105257072 0.992830098 0.056651548 -0.000317728 -0.676983476 0.029809814 0.735394239 -0.004007336
0.726801157 -0.116180688 0.676950693 -0.002046221 0.104370266 0.992826104 0.058336310 -0.000480385 -0.678871751 0.028254610 0.733712912 -0.005135766
0.723393559 -0.122998103 0.679391921 -0.002223492 0.112206161 0.991866112 0.060095590 -0.000384771 -0.681257367 0.032759178 0.731310666 -0.004817778
0.720402956 -0.126716450 0.681881666 -0.002226980 0.114381164 0.991412103 0.063394733 -0.000514413 -0.684058845 0.032324653 0.728710175 -0.004602726
0.718546271 -0.126766533 0.683828592 -0.002250187 0.114169389 0.991409302 0.063819438 -0.000409873 -0.686044157 0.032215070 0.726846337 -0.004689614
0.715997577 -0.130341485 0.685827017 -0.002200335 0.118609093 0.990844965 0.064483307 -0.000295022 -0.687952995 0.035175420 0.724902213 -0.004579148
0.714399457 -0.132082894 0.687158942 -0.001514131 0.120918795 0.990552366 0.064687669 -0.000177197 -0.689211011 0.036877587 0.723621547 -0.004173709
0.706659853 -0.142195776 0.693117738 -0.002043146 0.131516069 0.988923967 0.068795964 -0.000476638 -0.695223272 0.042540766 0.717533827 -0.004552850
0.704133570 -0.138269812 0.696474910 -0.001677786 0.127198666 0.989553332 0.067856744 -0.000289255 -0.698581696 0.040810462 0.714365542 -0.003957599
0.700817823 -0.143587008 0.698739767 -0.002273875 0.131218582 0.988766074 0.071576945 -0.000691282 -0.701167703 0.041525248 0.711786211 -0.004841099
0.698247969 -0.144757360 0.701067090 -0.001833839 0.134356067 0.988437831 0.070278302 -0.000262707 -0.703134537 0.045120925 0.709623754 -0.004252759
0.694715261 -0.145929873 0.704326153 -0.001589446 0.133583575 0.988344133 0.073015086 -0.000318188 -0.706771731 0.043361705 0.706111491 -0.003841515
0.691089690 -0.141051784 0.708871901 -0.002493626 0.126415923 0.989243507 0.073595539 -0.000865329 -0.711627781 0.038751591 0.701487064 -0.005124552
0.687403917 -0.143819198 0.711893260 -0.002325919 0.128890917 0.988795578 0.075302914 -0.000864781 -0.714746833 0.039993070 0.698238790 -0.004991183
0.683556795 -0.146398321 0.715064764 -0.002501840 0.131964788 0.988321722 0.076193392 -0.000834985 -0.717868626 0.042280845 0.694893360 -0.005144954
0.676172376 -0.146497592 0.722031474 -0.002597632 0.129230261 0.988420606 0.079524674 -0.000816349 -0.725320995 0.039535917 0.687274516 -0.005225383
0.672961891 -0.145131990 0.725299180 -0.002409047 0.127332821 0.988654017 0.079684615 -0.000827610 -0.728634775 0.038729683 0.683806479 -0.005041033
0.668611944 -0.146515325 0.729034424 -0.002503566 0.127973184 0.988441348 0.081281960 -0.000869283 -0.732516825 0.038950782 0.679633677 -0.005184866
0.664445341 -0.144490302 0.733236015 -0.002891551 0.124463513 0.988824189 0.082069524 -0.000835178 -0.736899793 0.036730409 0.675003290 -0.005299556
0.661004126 -0.145233139 0.736193597 -0.002984670 0.125600502 0.988664091 0.082266860 -0.000748982 -0.739795983 0.038087558 0.671752214 -0.005699864
0.656882048 -0.143971592 0.740120232 -0.003271933 0.123849571 0.988870621 0.082438901 -0.000804513 -0.743752182 0.037510954 0.667402208 -0.005683342
0.649249673 -0.142818049 0.747046173 -0.002632762 0.121440433 0.989076495 0.083546072 -0.000678964 -0.750817597 0.036479369 0.659501314 -0.005173841
0.645656586 -0.140080333 0.750669777 -0.002945347 0.116639927 0.989586651 0.084341049 -0.000826531 -0.754667282 0.033102714 0.655272067 -0.005436047
0.639386833 -0.139381170 0.756146431 -0.003223448 0.116794497 0.989626348 0.083658949 -0.000812320 -0.759962797 0.034823317 0.649033010 -0.005877897
0.635827184 -0.138858005 0.759238005 -0.002857728 0.115164801 0.989739895 0.084569551 -0.000748147 -0.763191223 0.033665866 0.645295024 -0.005419622
0.633298814 -0.138965309 0.761328578 -0.003673263 0.114839256 0.989729881 0.085128166 -0.000914035 -0.765339375 0.033518840 0.642753243 -0.006194853
0.628558457 -0.138191059 0.765387058 -0.003019594 0.112315297 0.989901304 0.086490542 -0.000704740 -0.769609988 0.031600319 0.637731791 -0.005767350
0.625307143 -0.137668565 0.768139541 -0.002777714 0.110795259 0.990006924 0.087239027 -0.000752498 -0.772473574 0.030555053 0.634311378 -0.005427347
0.623955131 -0.139802039 0.768853366 -0.002906159 0.113349222 0.989653707 0.087963171 -0.000835712 -0.773195922 0.032263864 0.633345842 -0.005519938
0.622707725 -0.140248060 0.769783020 -0.003648738 0.114095472 0.989565253 0.087994240 -0.000808387 -0.774091482 0.033034060 0.632211387 -0.006018151
0.621768117 -0.141734242 0.770269990 -0.003913108 0.115117036 0.989345968 0.089122117 -0.000816976 -0.774695098 0.033257905 0.631459653 -0.006073955
0.621818423 -0.140894547 0.770383418 -0.004130165 0.113941334 0.989493072 0.088998988 -0.000855395 -0.774828553 0.032437313 0.631338537 -0.006325686
0.621834517 -0.141547441 0.770250738 -0.003997214 0.114469729 0.989395380 0.089406148 -0.000879230 -0.774737656 0.032574557 0.631443024 -0.006242374
0.622016251 -0.140231714 0.770344675 -0.003877274 0.112621069 0.989624858 0.089212880 -0.000827561 -0.774862826 0.031265166 0.631355822 -0.006205526
0.622534394 -0.140733808 0.769834340 -0.002980977 0.112681367 0.989566565 0.089782208 -0.000840450 -0.774437666 0.030853476 0.631897390 -0.005627939
0.621769488 -0.142384872 0.770148993 -0.003504519 0.115019262 0.989274383 0.090037435 -0.000945035 -0.774708569 0.032599438 0.631477594 -0.006001572
0.622428954 -0.139660850 0.770115018 -0.003772148 0.111802518 0.989725649 0.089125387 -0.000816477 -0.774649858 0.030626563 0.631648302 -0.006203588
0.623206735 -0.138035253 0.769778967 -0.003458694 0.110247903 0.989977121 0.088264957 -0.000756729 -0.774247229 0.029859215 0.632178426 -0.005979031
0.622498393 -0.139421359 0.770102203 -0.003777274 0.112091877 0.989741981 0.088578038 -0.000843933 -0.774552286 0.031182522 0.631740808 -0.006155767
0.623608589 -0.138264030 0.769412458 -0.003428163 0.110617749 0.989938378 0.088237070 -0.000840769 -0.773870826 0.030085284 0.632628441 -0.005844321
0.625463247 -0.138073564 0.767939746 -0.003894613 0.110075772 0.989989281 0.088344149 -0.000771588 -0.772450030 0.029275538 0.634400308 -0.006298101
0.626680255 -0.140344933 0.766534567 -0.003155947 0.111946933 0.989659667 0.089674741 -0.000779931 -0.771193802 0.029613806 0.635911167 -0.005738440
0.627458215 -0.139861330 0.765986443 -0.003524096 0.111400872 0.989740491 0.089462474 -0.000791559 -0.770639956 0.029197592 0.636601448 -0.006044734
0.627902746 -0.140767828 0.765455842 -0.003712295 0.112433985 0.989596963 0.089757994 -0.000899643 -0.770127833 0.029703958 0.637197614 -0.006087463
0.629999280 -0.141478881 0.763599873 -0.004626391 0.113590658 0.989477932 0.089612678 -0.000959358 -0.768243611 0.030281894 0.639440954 -0.006968706
0.634795487 -0.139991760 0.759892821 -0.003385701 0.110665664 0.989783704 0.089896247 -0.000847533 -0.764714360 0.027028307 0.643802285 -0.006188712
0.635222912 -0.142307922 0.759105086 -0.003599537 0.113532797 0.989405990 0.090477183 -0.000876906 -0.763938725 0.028710132 0.644649804 -0.006280598
0.636556506 -0.143214241 0.757816374 -0.003744203 0.114823379 0.989254713 0.090501897 -0.000762362 -0.762634516 0.029405449 0.646160841 -0.006302015
0.643888414 -0.141765013 0.751871288 -0.002807241 0.111240216 0.989588737 0.091322511 -0.000658229 -0.756989717 0.024836816 0.652954578 -0.005716654
0.649118721 -0.144242048 0.746886313 -0.002940600 0.113320276 0.989237785 0.092559397 -0.000742427 -0.752199054 0.024555318 0.658478200 -0.005836527
0.656812668 -0.144886643 0.740003288 -0.003349542 0.112565726 0.989210129 0.093768083 -0.000729900 -0.745604396 0.021710949 0.666034877 -0.006007516
0.667982101 -0.149839625 0.728936255 -0.003067864 0.114755206 0.988543570 0.098045029 -0.000792194 -0.735276222 0.018156901 0.677524269 -0.005703314
0.679314017 -0.145957768 0.719186306 -0.002913020 0.108908460 0.989220142 0.097890243 -0.000882968 -0.725721359 0.011827270 0.687887073 -0.005877302
0.687312543 -0.150311843 0.710639060 -0.003769494 0.113802537 0.988555670 0.099028751 -0.000941694 -0.717391491 0.012808828 0.696552515 -0.006364451
0.703407049 -0.152198046 0.694301307 -0.004062424 0.116257273 0.988286853 0.098860696 -0.000843003 -0.701215327 0.011178285 0.712861896 -0.006898477
0.715665042 -0.151406914 0.681835413 -0.004890281 0.119412705 0.988371730 0.094138227 -0.001130969 -0.688160002 0.014048371 0.725422919 -0.007427356
0.733786166 -0.155851334 0.661262631 -0.004346496 0.126649320 0.987649858 0.092237234 -0.001376162 -0.667471170 0.016066067 0.744462192 -0.007092982
0.755161226 -0.151717126 0.637740910 -0.004695216 0.122993745 0.988364398 0.089490384 -0.001339804 -0.643897653 0.010858480 0.765034556 -0.007538040
0.776617050 -0.149326727 0.612019181 -0.004440031 0.123450808 0.988738775 0.084590673 -0.001149310 -0.617758751 0.009859709 0.786305785 -0.007442459
0.796473145 -0.139644459 0.588328183 -0.003899332 0.117577247 0.990162909 0.075848229 -0.000982056 -0.593132496 0.008762946 0.805057108 -0.007101621
0.821631491 -0.142664611 0.551877260 -0.002633534 0.128013521 0.989624321 0.065239906 -0.000636096 -0.555458426 0.017044578 0.831369519 -0.005680887
0.845493019 -0.144025132 0.514196992 -0.001691136 0.132221431 0.989419401 0.059722200 -0.000426374 -0.517357886 0.017493136 0.855590403 -0.004564628
0.859292090 -0.150005430 0.488994420 -0.001705728 0.138991967 0.988534391 0.059000317 -0.000431502 -0.492238075 0.017267786 0.870289326 -0.004385293
0.876533508 -0.148208931 0.457955360 -0.001853965 0.137803376 0.988860011 0.056268759 -0.000369355 -0.461193144 0.013786335 0.887192607 -0.004547885
0.890731037 -0.144681245 0.430889249 -0.001124582 0.134747878 0.989425182 0.053673051 -0.000259606 -0.434098065 0.010253157 0.900807261 -0.003958036
0.903424859 -0.127907455 0.409222662 -0.001090572 0.119260073 0.991764069 0.046701990 -0.000218244 -0.411825866 0.006612185 0.911238551 -0.003300003
0.914106250 -0.121884242 0.386722326 -0.000719321 0.114001513 0.992534339 0.043351002 -0.000172723 -0.389118969 0.004459515 0.921176732 -0.002471606
0.925457180 -0.103506520 0.364438415 -0.000527202 0.097379565 0.994624555 0.035203494 -0.000048854 -0.366123140 0.002909524 0.930561841 -0.002202175
0.927270710 -0.105415553 0.359244555 -0.000280111 0.100993507 0.994400501 0.031112408 0.000137790 -0.360512674 0.007431734 0.932724714 -0.000201903
0.921894372 -0.111869469 0.370939374 -0.000143914 0.110093817 0.993580163 0.026032394 0.000073950 -0.371470153 0.016838999 0.928292215 0.000072386
0.913828492 -0.119353034 0.388165295 -0.000056269 0.119563699 0.992543459 0.023707325 0.000234825 -0.388100326 0.024746040 0.921284854 0.000150900
0.912441492 -0.120520599 0.391056895 -0.000065136 0.120468438 0.992408156 0.024766818 0.000025195 -0.391072959 0.024511743 0.920033157 -0.000666774
0.912136376 -0.124504015 0.390520155 0.000323767 0.125041842 0.991857231 0.024160080 0.000164185 -0.390348196 0.026794065 0.920277297 0.000072067
0.912114918 -0.124392122 0.390606105 0.000214934 0.124917611 0.991872609 0.024172528 0.000098589 -0.390438348 0.026745450 0.920240521 -0.000506631
0.912084222 -0.120127484 0.392009854 0.000037873 0.120165765 0.992450595 0.024538368 -0.000057755 -0.391997993 0.024725104 0.919633687 -0.000429949
0.911912084 -0.115326561 0.393847883 0.000121206 0.115676194 0.993022084 0.022941075 -0.000139109 -0.393745184 0.024638571 0.918889284 -0.000495134
0.911699355 -0.114453748 0.394594550 0.000238662 0.117328517 0.992948949 0.016924713 0.000007232 -0.393749356 0.030866940 0.918699384 0.000029081
0.911740065 -0.116226330 0.393981814 0.000214985 0.119771123 0.992677867 0.015673772 0.000077310 -0.392918646 0.032897230 0.918984592 -0.000237746
0.910360694 -0.128634244 0.393315017 -0.000031649 0.136991352 0.990548372 0.006882284 -0.000072591 -0.390482783 0.047615390 0.919378042 -0.000530028
0.909282684 -0.132267341 0.394601524 -0.000019003 0.146634549 0.989170492 -0.006328637 -0.000246962 -0.389491081 0.063616730 0.918830574 -0.000641465
0.905802667 -0.137642026 0.400719643 -0.000462110 0.157665223 0.987341940 -0.017253576 -0.000025485 -0.393272400 0.078807883 0.916038275 -0.001482028
0.906949043 -0.109011039 0.406890810 -0.000522743 0.131203145 0.990989149 -0.026950268 -0.000046436 -0.400286496 0.077827878 0.913079143 -0.001534408
0.906588912 -0.078135952 0.414718539 -0.000822083 0.104908012 0.993588984 -0.042133141 -0.000684732 -0.408767581 0.081704721 0.908973813 -0.002686810
0.906590581 -0.067602597 0.416561455 -0.000910667 0.099734142 0.993446290 -0.055834442 -0.000673747 -0.410056829 0.092164367 0.907391429 -0.002846594
0.908653140 -0.062458917 0.412853897 -0.001810778 0.104181312 0.991391063 -0.079310060 -0.000922038 -0.404346019 0.115076996 0.907337606 -0.004621039
0.911113501 -0.047307964 0.409431517 -0.002253254 0.097002409 0.990099311 -0.101459280 -0.000653330 -0.400577962 0.132156760 0.906681836 -0.005968325
0.913287640 -0.041623671 0.405182809 -0.002290131 0.103511408 0.985824347 -0.132044256 -0.000914842 -0.393942922 0.162535414 0.904649794 -0.005945690
0.914412558 -0.031836938 0.403529733 -0.002495525 0.103249073 0.982271492 -0.156468615 -0.000664056 -0.391394228 0.184740931 0.901488423 -0.006484018
0.914565682 -0.025872704 0.403608799 -0.002991607 0.106488042 0.978142917 -0.178596467 -0.000490604 -0.390166312 0.206317738 0.897331119 -0.007286342
0.915063918 -0.015452577 0.403012723 -0.003756012 0.103789091 0.974632919 -0.198289216 -0.000416277 -0.389725357 0.223275602 0.893455207 -0.009133909
0.915548325 -0.006456740 0.402156174 -0.003934447 0.103886485 0.969739079 -0.220938385 -0.000225530 -0.388559997 0.244058341 0.888513744 -0.009626674
0.916438699 0.017814675 0.399778634 -0.004474335 0.084063955 0.968147397 -0.235847294 -0.000768698 -0.391246110 0.249746516 0.885750115 -0.009925975
0.917759597 0.028054403 0.396144003 -0.004966833 0.075696774 0.966856658 -0.243840680 -0.000492647 -0.389855236 0.253774017 0.885218382 -0.011060313
0.920034826 0.042234767 0.389553666 -0.004456764 0.061615922 0.966211498 -0.250277519 -0.000137030 -0.386961609 0.254266739 0.886346042 -0.010063783
0.919319034 0.045200869 0.390908331 -0.005250911 0.057896540 0.967034400 -0.247976780 -0.000156898 -0.389230609 0.250602007 0.886396229 -0.011428110
0.922004521 0.038496561 0.385260582 -0.005568619 0.065971211 0.964873791 -0.254295647 -0.001232299 -0.381517351 0.259877831 0.887078464 -0.011108860
0.923460841 0.026928812 0.382746488 -0.006025617 0.078738339 0.963004112 -0.257727623 -0.002150301 -0.375526696 0.268138200 0.887176275 -0.011260563
0.923663795 0.018058356 0.382778019 -0.006010337 0.091469832 0.959625304 -0.265993893 -0.001504960 -0.372126848 0.280701607 0.884719312 -0.011201227
0.924611807 0.016256876 0.380563647 -0.004475036 0.094520532 0.958048522 -0.270571470 -0.000169275 -0.368997097 0.286144674 0.884286404 -0.010199428
0.924699187 0.020484608 0.380146950 -0.005257254 0.089625619 0.958770931 -0.269676745 0.000160917 -0.369998068 0.283440769 0.884738803 -0.011853830
0.924903691 0.016076464 0.379861534 -0.004984407 0.094516128 0.958019078 -0.270677209 -0.000050113 -0.368266106 0.286253393 0.884555876 -0.011073564
0.924047291 0.018966913 0.381807327 -0.005243534 0.091719881 0.958594561 -0.269599617 -0.000238212 -0.371111870 0.284142077 0.884047091 -0.010904987
0.924456000 0.018036962 0.380862057 -0.005180082 0.093155988 0.957925022 -0.271480650 0.000391000 -0.369733959 0.286451429 0.883879125 -0.011047130
0.924527407 0.018192597 0.380681008 -0.005105744 0.092858881 0.958004713 -0.271301210 0.000326801 -0.369629830 0.286175013 0.884012282 -0.010835059
0.924792349 0.019703388 0.379961669 -0.004615376 0.090627909 0.958505571 -0.270284712 -0.000071368 -0.369520843 0.284392327 0.884632885 -0.010995499
0.924058378 0.018241446 0.381815791 -0.004649188 0.094449989 0.956992984 -0.274305761 -0.000191261 -0.370398760 0.289537013 0.882594585 -0.009922704
0.924147367 0.028912935 0.380940467 -0.004702017 0.087082438 0.954939663 -0.283737540 -0.000316720 -0.371978819 0.295388520 0.879987180 -0.010419753
0.924328685 0.021107543 0.381012797 -0.005601058 0.094753586 0.954502642 -0.282748222 0.000092886 -0.369645834 0.297454625 0.880274236 -0.012189717
0.924259722 0.018366210 0.381322265 -0.006014206 0.097691856 0.954206705 -0.282747209 0.000749469 -0.369053274 0.298583925 0.880140543 -0.013085098
0.923947155 0.015625250 0.382200927 -0.005607101 0.100927517 0.953800976 -0.282979608 0.000265992 -0.368965209 0.300032794 0.879684627 -0.011589999
0.923975289 0.020875417 0.381882012 -0.005403316 0.095099144 0.954607427 -0.282278538 0.000136802 -0.370440066 0.297135055 0.880048275 -0.011753823
0.924164057 0.019965775 0.381473601 -0.005831176 0.097354151 0.953346729 -0.285748541 0.000184438 -0.369381845 0.301216543 0.879105091 -0.011999275
0.924844921 0.023450382 0.379620641 -0.004928847 0.095174938 0.952074647 -0.290681243 -0.000196801 -0.368243754 0.304965466 0.878289521 -0.010730032
