1.000000000 0.000000000 0.000000000 0.000000000 0.000000000 1.000000000 0.000000000 0.000000000 0.000000000 0.000000000 1.000000000 0.000000000
0.999999821 0.000139264 -0.000541902 -0.000007245 -0.000139211 1.000000000 0.000097458 -0.000015442 0.000541916 -0.000097382 0.999999821 0.000133742
0.999997258 0.002010784 -0.001210442 -0.000071790 -0.002010752 0.999997973 0.000028205 -0.000016053 0.001210496 -0.000025771 0.999999285 0.000488090
0.999991775 0.003741218 -0.001556537 -0.000055456 -0.003741401 0.999992967 -0.000114213 0.000022226 0.001556098 0.000120036 0.999998808 0.000424602
0.999988854 0.004384418 -0.001740227 -0.000073750 -0.004383883 0.999990344 0.000311027 0.000006638 0.001741574 -0.000303395 0.999998450 0.000364753
0.999989331 0.004150360 -0.002036375 -0.000113445 -0.004148221 0.999990821 0.001053700 -0.000000519 0.002040729 -0.001045241 0.999997377 0.000785075
0.999982834 0.005498310 -0.002034622 -0.000111935 -0.005494996 0.999983549 0.001630551 0.000011718 0.002043553 -0.001619342 0.999996603 0.000836917
0.999967575 0.007861166 -0.001742181 -0.000108161 -0.007857150 0.999966502 0.002299793 -0.000010131 0.001760202 -0.002286030 0.999995828 0.000460283
0.999972045 0.007141759 -0.002205949 -0.000083589 -0.007135877 0.999970973 0.002662773 -0.000011830 0.002224901 -0.002646957 0.999994040 0.000681604
0.999952793 0.009489821 -0.002097260 -0.000082664 -0.009484071 0.999951303 0.002735221 -0.000031392 0.002123114 -0.002715201 0.999994040 0.000727902
0.999954224 0.009331612 -0.002128618 -0.000127449 -0.009324781 0.999951422 0.003196748 -0.000051991 0.002158346 -0.003176753 0.999992609 0.000580838
0.999949336 0.009801083 -0.002298496 -0.000100771 -0.009792989 0.999945879 0.003506738 -0.000064244 0.002332742 -0.003484051 0.999991238 0.000597312
0.999947548 0.009924246 -0.002535308 -0.000098788 -0.009916000 0.999945581 0.003244760 -0.000009081 0.002567372 -0.003219449 0.999991536 0.000478146
0.999938250 0.010698326 -0.003005558 0.000008713 -0.010687090 0.999935925 0.003729881 -0.000218556 0.003045269 -0.003697530 0.999988556 0.000773780
0.999945760 0.010034689 -0.002783614 -0.000118200 -0.010022958 0.999940991 0.004196802 -0.000171090 0.002825563 -0.004168674 0.999987304 0.001001829
0.999941349 0.010433216 -0.002898494 -0.000103021 -0.010420609 0.999936342 0.004330864 -0.000101694 0.002943495 -0.004300406 0.999986410 0.001134680
0.999936521 0.010907176 -0.002827122 -0.000099573 -0.010894856 0.999931216 0.004337006 -0.000090396 0.002874232 -0.004305930 0.999986589 0.000912611
0.999937296 0.010845608 -0.002790066 -0.000082801 -0.010833290 0.999931693 0.004392797 -0.000078198 0.002837518 -0.004362296 0.999986470 0.000756341
0.999931753 0.011303660 -0.002959616 -0.000116909 -0.011291056 0.999927282 0.004241711 -0.000121940 0.003007347 -0.004208004 0.999986649 0.000930755
0.999931633 0.011414181 -0.002528573 -0.000119518 -0.011403020 0.999925375 0.004384749 -0.000142133 0.002578433 -0.004355616 0.999987185 0.000468593
0.999920845 0.012361459 -0.002332653 -0.000106427 -0.012350957 0.999913752 0.004464033 -0.000097024 0.002387634 -0.004434869 0.999987304 0.000710059
0.999933600 0.011249084 -0.002507369 -0.000136669 -0.011238173 0.999927521 0.004324082 -0.000111489 0.002555830 -0.004295616 0.999987483 0.001028816
0.999941707 0.010497659 -0.002538027 -0.000101612 -0.010485605 0.999933898 0.004716348 -0.000137454 0.002587369 -0.004689460 0.999985635 0.000949096
0.999935329 0.011138369 -0.002291045 -0.000120056 -0.011127490 0.999926984 0.004708039 -0.000185564 0.002343317 -0.004682241 0.999986291 0.000929055
0.999939263 0.010866595 -0.001856484 -0.000122763 -0.010857279 0.999928772 0.004955832 -0.000093706 0.001910205 -0.004935374 0.999985993 0.000665573
0.999932051 0.011567327 -0.001429420 -0.000072963 -0.011560252 0.999921381 0.004862422 -0.000071092 0.001485553 -0.004845568 0.999987185 0.000305996
0.999929965 0.011806153 -0.000855871 -0.000124624 -0.011801290 0.999915361 0.005480053 -0.000140559 0.000920497 -0.005469569 0.999984622 -0.000111945
0.999908209 0.013518053 -0.000941557 -0.000071990 -0.013513112 0.999895811 0.005071130 -0.000116127 0.001010011 -0.005057941 0.999986708 0.000138666
0.999923587 0.012344817 -0.000637174 -0.000080592 -0.012341166 0.999908984 0.005446710 -0.000080215 0.000704355 -0.005438430 0.999984980 -0.000178124
0.999931097 0.011712320 -0.000822978 -0.000100765 -0.011707514 0.999915659 0.005620153 -0.000131063 0.000888734 -0.005610131 0.999983847 0.000411821
0.999925137 0.012232882 -0.000254591 -0.000105288 -0.012231146 0.999907374 0.005965280 -0.000146251 0.000327540 -0.005961719 0.999982178 0.000127523
0.999907851 0.013576238 0.000166785 -0.000105402 -0.013576995 0.999889791 0.006003485 -0.000166962 -0.000085262 -0.006005196 0.999981940 0.000133239
0.999896348 0.014393095 0.000333434 -0.000111407 -0.014394864 0.999877691 0.006112717 -0.000133106 -0.000245412 -0.006116883 0.999981284 0.000485649
0.999902844 0.013855599 0.001523036 -0.000088095 -0.013864961 0.999883890 0.006318135 -0.000121816 -0.001435318 -0.006338638 0.999978900 -0.000720530
0.999891341 0.014680200 0.001359368 -0.000065299 -0.014688914 0.999870062 0.006638405 -0.000197397 -0.001261738 -0.006657651 0.999977052 0.000161605
0.999875247 0.015706170 0.001682718 -0.000105803 -0.015717043 0.999854326 0.006654479 -0.000144395 -0.001577957 -0.006680096 0.999976456 0.000900070
0.999873042 0.015649173 0.002995817 -0.000062891 -0.015669772 0.999852836 0.006980408 -0.000197507 -0.002886139 -0.007026466 0.999971151 -0.000375989
0.999856770 0.016529342 0.003638152 -0.000093139 -0.016552459 0.999842405 0.006418681 -0.000185260 -0.003531482 -0.006477981 0.999972761 -0.000042780
0.999861121 0.016076164 0.004388189 -0.000016822 -0.016103113 0.999851286 0.006176442 -0.000136823 -0.004288243 -0.006246248 0.999971271 -0.000390511
0.999843478 0.016952336 0.005057600 -0.000038731 -0.016981699 0.999838889 0.005820394 -0.000183374 -0.004958116 -0.005905370 0.999970257 0.000036471
0.999832153 0.017335633 0.005932647 -0.000074099 -0.017369857 0.999832511 0.005766626 -0.000155160 -0.005831686 -0.005868707 0.999965787 0.000326216
0.999814391 0.017705023 0.007599839 0.000043864 -0.017746804 0.999827564 0.005465948 -0.000110891 -0.007501754 -0.005599807 0.999956191 -0.001196682
0.999749064 0.020700293 0.008559539 -0.000057317 -0.020742971 0.999772727 0.004927600 -0.000118712 -0.008455590 -0.005103914 0.999951243 -0.000260454
0.999693155 0.022669852 0.009985696 -0.000043825 -0.022710018 0.999734402 0.003927515 -0.000081198 -0.009894007 -0.004153085 0.999942422 -0.000003751
0.999684811 0.021978447 0.012131283 -0.000181329 -0.022042634 0.999743581 0.005182954 -0.000519797 -0.012014260 -0.005448726 0.999912977 -0.001090258
0.999643683 0.023162358 0.013267338 -0.000008269 -0.023218339 0.999722064 0.004081222 -0.000120751 -0.013169120 -0.004387813 0.999903679 -0.001146714
0.999642313 0.022483958 0.014482352 -0.000026597 -0.022546271 0.999737144 0.004153833 -0.000142957 -0.014385151 -0.004478870 0.999886513 -0.000577703
0.999609113 0.022816060 0.016158273 0.000014243 -0.022897972 0.999725759 0.004902614 -0.000243355 -0.016041983 -0.005270689 0.999857426 -0.001790347
0.999621212 0.021865688 0.016712854 0.000049011 -0.021956511 0.999745011 0.005270220 -0.000167894 -0.016593356 -0.005635180 0.999846458 -0.002016000
0.999653339 0.019808011 0.017346565 0.000062593 -0.019914610 0.999783695 0.005994217 -0.000184462 -0.017224079 -0.006337589 0.999831557 -0.001974188
0.999657929 0.018901059 0.018078160 0.000111845 -0.019002929 0.999804437 0.005479875 -0.000030976 -0.017971048 -0.005821538 0.999821544 -0.001814788
0.999641061 0.018617425 0.019265601 0.000104864 -0.018729951 0.999808490 0.005676831 -0.000053019 -0.019156223 -0.006035637 0.999798298 -0.002149113
0.999676824 0.015858969 0.019869121 0.000201153 -0.015969440 0.999857843 0.005413727 0.000034300 -0.019780440 -0.005729276 0.999787927 -0.001776163
0.999662817 0.015050826 0.021159772 0.000116766 -0.015162741 0.999871850 0.005138583 0.000007140 -0.021079721 -0.005457690 0.999762893 -0.001727199
0.999663174 0.013767340 0.021999184 0.000279171 -0.013906312 0.999884248 0.006176663 -0.000124209 -0.021911601 -0.006480510 0.999738932 -0.002278829
0.999677241 0.010817865 0.022986231 0.000245389 -0.010969259 0.999918878 0.006470433 -0.000004982 -0.022914371 -0.006720487 0.999714851 -0.001831763
0.999614358 0.013001573 0.024538644 0.000172720 -0.013155796 0.999894619 0.006133935 -0.000000824 -0.024456307 -0.006454395 0.999680042 -0.002039016
0.999574900 0.012091426 0.026530182 0.000175233 -0.012263392 0.999904752 0.006328782 0.000039817 -0.026451131 -0.006651441 0.999628007 -0.002805183
0.999562144 0.010125339 0.027801942 0.000091014 -0.010341159 0.999917448 0.007629997 0.000028721 -0.027722389 -0.007914161 0.999584317 -0.002225554
0.999487042 0.011585027 0.029856820 0.000149490 -0.011822219 0.999899864 0.007780043 0.000032244 -0.029763697 -0.008129026 0.999523878 -0.002950232
0.999427497 0.011771699 0.031719424 0.000216980 -0.012082948 0.999880552 0.009638802 -0.000198085 -0.031602170 -0.010016548 0.999450326 -0.004063428
0.999392688 0.010528265 0.033216823 0.000189055 -0.010900078 0.999879718 0.011032390 -0.000415117 -0.033096679 -0.011387756 0.999387264 -0.004007610
0.999361038 0.010218233 0.034250051 0.000224886 -0.010589732 0.999886870 0.010682864 0.000059516 -0.034137014 -0.011038737 0.999356210 -0.002786481
0.999254286 0.012837010 0.036414746 0.000170742 -0.013244389 0.999852121 0.010968111 0.000011888 -0.036268566 -0.011442223 0.999276578 -0.002664257
0.999192119 0.012136559 0.038311873 0.000263496 -0.012621619 0.999842882 0.012444434 0.000011971 -0.038154822 -0.012917939 0.999188364 -0.003104654
0.999145687 0.009656752 0.040183011 0.000462037 -0.010253312 0.999839842 0.014666568 -0.000217279 -0.040034942 -0.015066047 0.999084711 -0.004440007
0.999017417 0.011405257 0.042826507 0.000357618 -0.012094066 0.999801099 0.015859216 -0.000304978 -0.042637110 -0.016361579 0.998956621 -0.005167788
0.998885334 0.015301730 0.044652980 0.000357293 -0.016029403 0.999743760 0.015983861 -0.000051292 -0.044396956 -0.016681805 0.998874664 -0.004312849
0.998809218 0.013607940 0.046850856 0.000226109 -0.014436256 0.999744594 0.017387111 -0.000026432 -0.046602290 -0.018042756 0.998750567 -0.004066911
0.998696804 0.015292590 0.048691731 0.000289684 -0.016204184 0.999699712 0.018382346 -0.000008924 -0.048395995 -0.019147400 0.998644710 -0.004168761
0.998607874 0.014663739 0.050668750 0.000638978 -0.015707001 0.999671519 0.020253357 -0.000061895 -0.050355114 -0.021021014 0.998510122 -0.006383633
0.998406529 0.016719896 0.053896505 0.000392937 -0.017895233 0.999610841 0.021398908 -0.000112216 -0.053517744 -0.022329299 0.998317182 -0.005926791
0.998324275 0.015631078 0.055716455 0.000553031 -0.016962677 0.999579728 0.023507299 -0.000317435 -0.055325598 -0.024413008 0.998169839 -0.006739759
0.998186052 0.017585726 0.057578843 0.000531766 -0.018946573 0.999551892 0.023174463 -0.000177422 -0.057145499 -0.024223348 0.998071969 -0.006282036
0.998135686 0.014910529 0.059184402 0.000565607 -0.016418919 0.999550521 0.025082318 -0.000392826 -0.058783811 -0.026007302 0.997931898 -0.006202079
0.997867286 0.019250048 0.062372636 0.000480120 -0.020942967 0.999426663 0.026602855 -0.000762951 -0.061824769 -0.027852386 0.997698307 -0.007649465
0.997668028 0.021261869 0.064856738 0.000370630 -0.023018755 0.999384761 0.026462764 -0.000740985 -0.064254187 -0.027893975 0.997543633 -0.006496378
0.997585058 0.020194413 0.066454373 0.000420557 -0.021925200 0.999436438 0.025419267 -0.000515041 -0.065903589 -0.026814906 0.997465611 -0.006181117
0.997513711 0.020280935 0.067491345 0.000384209 -0.021906333 0.999485433 0.023430709 0.000166350 -0.066981420 -0.024850940 0.997444689 -0.005375559
0.997289956 0.020402422 0.070685945 0.000112843 -0.022028107 0.999508679 0.022295984 0.000386605 -0.070196331 -0.023792638 0.997249424 -0.006945296
0.997139037 0.021318153 0.072520494 0.000239576 -0.023033947 0.999472260 0.022905877 0.000090091 -0.071993910 -0.024510777 0.997103870 -0.008955898
0.996925473 0.026664849 0.073678620 0.000448906 -0.028393686 0.999343157 0.022517443 -0.000150093 -0.073029801 -0.024540221 0.997027814 -0.007864529
0.996930242 0.022844883 0.074887656 0.000485293 -0.024635514 0.999430180 0.023074891 -0.000247175 -0.074317835 -0.024848953 0.996924937 -0.006961217
0.996760368 0.022180187 0.077310011 0.000547633 -0.024042882 0.999440610 0.023246815 -0.000272141 -0.076751150 -0.025030259 0.996736050 -0.008366974
0.996725559 0.019954488 0.078357771 0.000834359 -0.021916518 0.999465406 0.024259683 -0.000667619 -0.077831790 -0.025897576 0.996630073 -0.009526634
0.996545017 0.019536214 0.080724284 0.000703190 -0.021543179 0.999478221 0.024066200 -0.000769995 -0.080211997 -0.025722109 0.996445894 -0.009479250
0.996263981 0.024746072 0.082739130 0.000503684 -0.026669059 0.999397397 0.022217583 -0.000526049 -0.082139470 -0.024341153 0.996323526 -0.007887407
0.996117771 0.022918167 0.084995098 0.000552591 -0.024922781 0.999433875 0.022599328 -0.000733090 -0.084429048 -0.024629908 0.996125042 -0.007381076
0.995806575 0.026709473 0.087497741 0.000428288 -0.028516890 0.999403656 0.019472044 -0.000052694 -0.086925477 -0.021885553 0.995974362 -0.005923680
0.995598614 0.025471609 0.090191416 0.000529091 -0.027470736 0.999402165 0.020993628 -0.000373728 -0.089602746 -0.023378851 0.995703101 -0.007670515
0.995418906 0.025549365 0.092132732 0.000481134 -0.027434479 0.999438226 0.019252539 -0.000128530 -0.091589078 -0.021691952 0.995560586 -0.006569540
0.995302498 0.022871852 0.094072916 0.000410082 -0.024579983 0.999552667 0.017038906 0.000543693 -0.093641140 -0.019271180 0.995419502 -0.006190175
0.994882226 0.025528580 0.097762719 0.000342754 -0.027477546 0.999448538 0.018641263 -0.000244201 -0.097232923 -0.021232143 0.995035172 -0.007815820
0.994668424 0.026499227 0.099660911 0.000402403 -0.028345525 0.999450982 0.017155446 -0.000133767 -0.099151596 -0.019888924 0.994873524 -0.008089171
0.994595289 0.024833407 0.100814179 0.000440966 -0.026570696 0.999520063 0.015926298 -0.000128239 -0.100370288 -0.018518923 0.994777739 -0.007113157
0.994557917 0.021771135 0.101885103 0.000613011 -0.023553813 0.999589264 0.016326612 -0.000221001 -0.101487800 -0.018637544 0.994662166 -0.007129812
0.994356036 0.021284366 0.103937633 0.000591308 -0.022919362 0.999631226 0.014561526 -0.000011780 -0.103589378 -0.016861528 0.994477153 -0.007087848
0.994166017 0.021295350 0.105737470 0.000585440 -0.022859950 0.999646127 0.013607000 0.000084980 -0.105410263 -0.015944770 0.994300961 -0.006807154
0.994030476 0.020428695 0.107172586 0.000626953 -0.022042606 0.999660492 0.013895966 -0.000039301 -0.106852300 -0.016175382 0.994143367 -0.007053919
0.993835568 0.019804785 0.109081641 0.000642647 -0.021379819 0.999683142 0.013288312 -0.000025048 -0.108783916 -0.015538545 0.993943989 -0.007341079
0.993730426 0.019014942 0.110174224 0.000612383 -0.020545306 0.999707341 0.012771739 0.000088377 -0.109899133 -0.014955229 0.993830204 -0.006595242
0.993573368 0.017356556 0.111851744 0.000622399 -0.018956691 0.999732435 0.013258193 -0.000101480 -0.111591697 -0.015293328 0.993636429 -0.007048796
0.993428349 0.016024496 0.113328636 0.000643188 -0.017666712 0.999752760 0.013501240 -0.000111407 -0.113084279 -0.015414656 0.993465722 -0.007474826
0.993223608 0.017197678 0.114939988 0.000654745 -0.018676952 0.999755919 0.011805356 -0.000040604 -0.114708893 -0.013872086 0.993302345 -0.007210368
0.992998242 0.016756104 0.116934635 0.000655271 -0.018228954 0.999767303 0.011537345 -0.000046077 -0.116714105 -0.013588161 0.993072569 -0.007496033
0.992838383 0.016614214 0.118304372 0.000678904 -0.018046064 0.999776244 0.011042122 0.000031707 -0.118094444 -0.013097975 0.992915869 -0.007413486
0.992609143 0.017913114 0.120025925 0.000682435 -0.019224018 0.999767423 0.009772772 0.000078860 -0.119822934 -0.012007922 0.992722690 -0.007395076
0.992525399 0.014261812 0.121202230 0.000703519 -0.015655722 0.999821723 0.010556163 0.000147122 -0.121030070 -0.012374769 0.992571652 -0.008036736
0.992263377 0.016691279 0.123023912 0.000648055 -0.017885901 0.999803007 0.008612409 0.000228900 -0.122855932 -0.010746174 0.992366254 -0.007746242
0.992155254 0.013864345 0.124240816 0.000735400 -0.015027808 0.999851525 0.008432277 0.000248313 -0.124105453 -0.010233197 0.992216170 -0.007146259
0.991967559 0.012224619 0.125901505 0.000751780 -0.013515686 0.999864519 0.009405421 0.000202040 -0.125769466 -0.011031516 0.991998196 -0.007516619
0.991748691 0.013251508 0.127511173 0.000889142 -0.014397393 0.999863863 0.008069020 0.000575975 -0.127386913 -0.009838269 0.991804302 -0.008969640
0.991592646 0.010452548 0.128976062 0.000839608 -0.011563053 0.999902248 0.007864343 0.000680461 -0.128881231 -0.009289582 0.991616488 -0.007944121
0.991323054 0.010785852 0.131005153 0.000828229 -0.012016843 0.999890745 0.008609552 0.000443737 -0.130897969 -0.010109115 0.991344213 -0.007785041
0.990907609 0.008208406 0.134293765 0.000627804 -0.009328952 0.999926746 0.007716833 0.000664370 -0.134220570 -0.008899488 0.990911484 -0.009712977
0.990845919 0.008078873 0.134755239 0.000962299 -0.009212696 0.999927223 0.007792488 0.000443881 -0.134682477 -0.008962616 0.990848303 -0.007876714
0.990484655 0.008204813 0.137377962 0.000868855 -0.009355878 0.999926329 0.007735197 0.000546099 -0.137304336 -0.008946885 0.990488529 -0.007670312
0.990159094 0.010613132 0.139543504 0.000956264 -0.011493961 0.999918878 0.005507821 0.000946537 -0.139473706 -0.007057526 0.990200639 -0.008318669
0.989929736 0.009917459 0.141212210 0.000998020 -0.011043901 0.999913216 0.007195469 0.000604132 -0.141128555 -0.008682542 0.989953160 -0.009100224
0.989654124 0.009160590 0.143181473 0.000837223 -0.010286144 0.999921799 0.007122786 0.000645302 -0.143105030 -0.008521881 0.989670813 -0.008195822
0.989276171 0.011830376 0.145577133 0.000917816 -0.012913185 0.999895513 0.006495298 0.000698266 -0.145485118 -0.008305506 0.989325583 -0.009172615
0.989104331 0.009676808 0.146898001 0.000924825 -0.010787542 0.999918997 0.006766470 0.000670859 -0.146820605 -0.008277413 0.989128530 -0.007676801
0.988669515 0.011450132 0.149671018 0.000943772 -0.012622105 0.999896646 0.006882691 0.000659224 -0.149576738 -0.008693870 0.988711894 -0.007912635
0.988344491 0.010188942 0.151892528 0.000908073 -0.011344091 0.999912977 0.006740390 0.000606346 -0.151810616 -0.008384911 0.988373995 -0.008886578
0.988012791 0.012566807 0.153859749 0.000993146 -0.013596427 0.999891698 0.005641480 0.000587604 -0.153772175 -0.007665797 0.988076627 -0.009402039
0.987752318 0.009685407 0.155729070 0.000928124 -0.010636226 0.999929607 0.005273469 0.000626689 -0.155667007 -0.006865251 0.987785757 -0.009092549
0.987418294 0.010604122 0.157774106 0.001052044 -0.011347414 0.999928355 0.003811027 0.000747038 -0.157722369 -0.005553406 0.987467885 -0.009648696
0.987053990 0.007621618 0.160207286 0.000962277 -0.008438097 0.999954700 0.004416675 0.000655556 -0.160166368 -0.005711341 0.987073541 -0.009935817
0.986348033 0.008763756 0.164440662 0.000626370 -0.009602803 0.999944627 0.004308159 0.000634582 -0.164393812 -0.005828436 0.986377537 -0.011562831
0.986159027 0.007747767 0.165621325 0.000881092 -0.008406347 0.999959290 0.003275795 0.000727642 -0.165589198 -0.004622726 0.986183941 -0.010645868
0.985885561 0.007143005 0.167267591 0.001084786 -0.007677218 0.999967396 0.002547344 0.000883238 -0.167243913 -0.003795539 0.985908270 -0.009519945
0.985546231 0.007536019 0.169239208 0.001368898 -0.007897811 0.999967813 0.001464679 0.001018856 -0.169222713 -0.002780128 0.985573947 -0.009900043
0.985218763 0.007374819 0.171141759 0.001590502 -0.007403897 0.999972522 -0.000468362 0.001208559 -0.171140492 -0.000805676 0.985246301 -0.010139956
0.984566808 0.005311750 0.174928382 0.001370103 -0.005611189 0.999983490 0.001217233 0.000780605 -0.174919069 -0.002180003 0.984580398 -0.011246247
0.983857036 0.005505560 0.178871602 0.001184681 -0.005631941 0.999984026 0.000198761 0.000863737 -0.178867698 -0.001202947 0.983872414 -0.012127976
0.983390391 0.004862892 0.181438088 0.001313591 -0.004658161 0.999987900 -0.001554486 0.000991635 -0.181443498 0.000683500 0.983401179 -0.011557864
0.982623935 0.002740916 0.185587227 0.001165362 -0.002625553 0.999996126 -0.000867384 0.000943690 -0.185588911 0.000365043 0.982627392 -0.012542514
0.982236087 0.001983882 0.187638894 0.001408007 -0.001521538 0.999995410 -0.002608005 0.001081581 -0.187643245 0.002276177 0.982234597 -0.011591719
0.981748223 0.001972649 0.190174654 0.001492330 -0.001360038 0.999993443 -0.003351761 0.001160708 -0.190180033 0.003031941 0.981744587 -0.011460775
0.981095672 0.000183157 0.193523049 0.001411857 0.000632432 0.999991119 -0.004152643 0.001259262 -0.193522140 0.004196531 0.981086910 -0.011854290
0.980316460 0.000778220 0.197431177 0.001248564 -0.000256733 0.999996364 -0.002666944 0.001054449 -0.197432578 0.002563762 0.980313122 -0.013539347
0.979878783 0.001432500 0.199588314 0.001429672 -0.000597789 0.999990821 -0.004242360 0.001211353 -0.199592561 0.004037686 0.979870677 -0.011995963
0.979219496 0.003654952 0.202770144 0.001443859 -0.002649168 0.999982774 -0.005231403 0.001290384 -0.202785790 0.004585520 0.979212344 -0.012367460
0.978350401 0.000325480 0.206954598 0.001144935 0.000593915 0.999990225 -0.004380352 0.001273733 -0.206954002 0.004408434 0.978340745 -0.013362566
0.977418959 0.002896179 0.211290613 0.001089178 -0.001891056 0.999985874 -0.004958969 0.001232464 -0.211302012 0.004447428 0.977410674 -0.014511137
0.976811409 0.001085226 0.214098513 0.001174538 -0.000181662 0.999990940 -0.004239945 0.001168776 -0.214101210 0.004102733 0.976802886 -0.014249883
0.975761592 0.003495057 0.218808189 0.000926266 -0.002656047 0.999987960 -0.004128479 0.001254695 -0.218819991 0.003447248 0.975759149 -0.015838178
0.975250602 0.003902235 0.221067548 0.001041376 -0.003248995 0.999989212 -0.003318482 0.001175926 -0.221078128 0.002518103 0.975252867 -0.014928251
0.974639535 0.003614670 0.223750979 0.001051559 -0.002799434 0.999988198 -0.003960605 0.001344573 -0.223762661 0.003233787 0.974638283 -0.015429725
0.973969698 -0.000093762 0.226677686 0.000933285 0.000573431 0.999997735 -0.002050232 0.001278044 -0.226677001 0.002126848 0.973967552 -0.016347809
0.973545730 0.006910956 0.228387520 0.001291064 -0.005582935 0.999963641 -0.006460334 0.001618320 -0.228423849 0.005014358 0.973548889 -0.013705503
0.972760737 0.008505174 0.231655195 0.001212662 -0.007052721 0.999949932 -0.007097348 0.001723114 -0.231703982 0.005270221 0.972772121 -0.014274307
0.972216308 0.008489147 0.233930007 0.001248409 -0.007206839 0.999953926 -0.006335862 0.001598079 -0.233973026 0.004473933 0.972232819 -0.014384386
0.971726000 0.008123446 0.235971436 0.001259816 -0.006912782 0.999958336 -0.005957403 0.001578884 -0.236010015 0.004157744 0.971741855 -0.014500166
0.971087337 0.007633231 0.238602489 0.001051855 -0.006559213 0.999964476 -0.005294958 0.001649039 -0.238634452 0.003576822 0.971102953 -0.015488859
0.970756710 0.007811766 0.239938274 0.001258338 -0.006876596 0.999965191 -0.004734516 0.001549943 -0.239966884 0.002946104 0.970776677 -0.014971175
0.969995379 0.009980930 0.242917985 0.001051498 -0.008769348 0.999943078 -0.006068444 0.001723724 -0.242964715 0.003756130 0.970027924 -0.015808560
0.969956040 0.007658800 0.243159682 0.001329289 -0.006379573 0.999961317 -0.006047872 0.001753684 -0.243196592 0.004314915 0.969967544 -0.015021367
0.969315171 0.009414436 0.245640859 0.001048719 -0.008297185 0.999949932 -0.005582856 0.001719367 -0.245681122 0.003373418 0.969344914 -0.016162049
0.969154418 0.008315835 0.246314228 0.001204867 -0.007186040 0.999959052 -0.005485328 0.001723522 -0.246349767 0.003546106 0.969174564 -0.015366961
0.968918383 0.003905122 0.247349843 0.001090789 -0.002989344 0.999987245 -0.004077797 0.001730271 -0.247362614 0.003211638 0.968917668 -0.016219905
0.968420684 0.002566958 0.249308586 0.000949668 -0.001738409 0.999992192 -0.003543506 0.001770850 -0.249315739 0.002998204 0.968417704 -0.016419275
0.968301773 -0.001545412 0.249778524 0.001154940 0.002360181 0.999992788 -0.002962491 0.001863328 -0.249772146 0.003458107 0.968298495 -0.016100241
0.968137681 -0.003753158 0.250390291 0.001168593 0.004484677 0.999987125 -0.002351036 0.001938908 -0.250378281 0.003399046 0.968142211 -0.015630508
0.967616737 -0.003784009 0.252395272 0.001056593 0.004560856 0.999986410 -0.002492927 0.002260196 -0.252382457 0.003563336 0.967621028 -0.016922584
0.967614293 -0.004948094 0.252385050 0.001091885 0.005883525 0.999978304 -0.002951831 0.002490180 -0.252364993 0.004341147 0.967622340 -0.016640097
0.967035353 -0.003417525 0.254618943 0.000845619 0.004331104 0.999986053 -0.003027478 0.002452161 -0.254604995 0.004030458 0.967036784 -0.017253960
0.966968298 -0.006374312 0.254817277 0.001033815 0.006700482 0.999977410 -0.000412002 0.002078223 -0.254808962 0.002105791 0.966989160 -0.016248409
0.966658592 -0.013303999 0.255722851 0.001097015 0.013283693 0.999910057 0.001806674 0.001981653 -0.255723923 0.001650506 0.966748476 -0.016398916
0.965953171 -0.013293709 0.258375019 0.000941969 0.013115702 0.999911070 0.002412663 0.002127124 -0.258384138 0.001058250 0.966041684 -0.016803635
0.965523541 -0.015298489 0.259865701 0.000938556 0.015373931 0.999880254 0.001742296 0.002213826 -0.259861261 0.002312930 0.965643227 -0.017455818
0.964805841 -0.016091527 0.262470722 0.000899546 0.016261943 0.999866486 0.001523077 0.002280889 -0.262460232 0.002798810 0.964938760 -0.017109765
0.964263022 -0.021182675 0.264098465 0.000919432 0.021053055 0.999772787 0.003321409 0.002349029 -0.264108866 0.002357367 0.964489996 -0.017841091
0.963743925 -0.020726997 0.266022444 0.001090559 0.020824095 0.999780059 0.002455971 0.002304697 -0.266014874 0.003172747 0.963963747 -0.016651688
0.962923765 -0.024267685 0.268679887 0.000887818 0.024190817 0.999700844 0.003597258 0.002339479 -0.268686801 0.003035698 0.963222861 -0.016876943
0.962361336 -0.023585644 0.270747811 0.000763064 0.022813756 0.999721706 0.005998221 0.001926938 -0.270813942 0.000404318 0.962631643 -0.018515194
0.961705804 -0.026946908 0.272756130 0.000777564 0.026054922 0.999636769 0.006892421 0.002114099 -0.272842795 0.000478160 0.962058604 -0.018643351
0.961365819 -0.027196597 0.273927182 0.000928672 0.026367519 0.999629855 0.006708708 0.002253833 -0.274008185 0.000773257 0.961727142 -0.018550348
0.960566223 -0.028641423 0.276572347 0.000813147 0.027822478 0.999589264 0.006885426 0.002473718 -0.276655972 0.001081022 0.960968435 -0.018959811
0.960040689 -0.033550598 0.277842194 0.000953866 0.032714158 0.999435484 0.007647263 0.002427998 -0.277941883 0.001747691 0.960596323 -0.018213807
0.959545255 -0.032860164 0.279630393 0.001000185 0.031975422 0.999458849 0.007726305 0.002610983 -0.279732943 0.001527562 0.960076630 -0.018314159
0.959119320 -0.034154214 0.280933440 0.000964793 0.033219371 0.999415278 0.008090556 0.002722017 -0.281045496 0.001572621 0.959693134 -0.018670032
0.958283246 -0.037231188 0.283384711 0.000704194 0.036371861 0.999303877 0.008295164 0.003079600 -0.283496261 0.002358112 0.958970487 -0.019678539
0.958153188 -0.041810997 0.283186078 0.001021875 0.040546529 0.999124289 0.010327497 0.002722064 -0.283369839 0.001586888 0.959009349 -0.017984301
0.957457364 -0.043448292 0.285285234 0.000801846 0.042443838 0.999051750 0.009705799 0.003060137 -0.285436362 0.002815714 0.958393514 -0.018883443
0.957213461 -0.046176970 0.285675049 0.000843696 0.044380527 0.998933196 0.012763023 0.002832717 -0.285959631 0.000461471 0.958241522 -0.018964235
0.956231177 -0.046695195 0.288862288 0.000396361 0.045680601 0.998903453 0.010256708 0.003619860 -0.289024442 0.003387618 0.957315683 -0.020540772
0.955482602 -0.047424473 0.291211039 0.000275216 0.047620259 0.998844922 0.006419255 0.005222196 -0.291179031 0.007734059 0.956637323 -0.021911800
0.954732835 -0.051265091 0.293013990 0.000139616 0.051493555 0.998649359 0.006939105 0.005518486 -0.292973906 0.008463342 0.956083000 -0.022652041
0.954739213 -0.050974093 0.293044031 0.000740348 0.050165717 0.998688042 0.010278466 0.004417744 -0.293183535 0.004887511 0.956043720 -0.019546460
0.954155624 -0.050309975 0.295052469 0.000739487 0.049711168 0.998718202 0.009534895 0.004072289 -0.295153975 0.005569628 0.955433488 -0.019670175
0.952746987 -0.056343835 0.298493505 0.000224355 0.056571867 0.998367488 0.007883482 0.005388041 -0.298450321 0.009375368 0.954379141 -0.021504898
0.951860547 -0.060229182 0.300556064 0.000188657 0.060151823 0.998143911 0.009519843 0.005936336 -0.300571531 0.009017433 0.953716576 -0.023246573
0.950861156 -0.065985762 0.302504480 0.000199411 0.064663090 0.997803271 0.014397146 0.005339108 -0.302790046 0.005871186 0.953039229 -0.022774737
0.949794531 -0.064868167 0.306075841 0.000159013 0.063291483 0.997881114 0.015083880 0.005260805 -0.306405813 0.005045409 0.951887667 -0.022753105
0.948841691 -0.064521417 0.309089571 0.000154182 0.063234426 0.997897804 0.014191085 0.005410717 -0.309355468 0.006080013 0.950927019 -0.022956148
0.947814405 -0.062574513 0.312621683 0.000182132 0.061518360 0.998017967 0.013250867 0.005384779 -0.312831283 0.006672607 0.949785292 -0.022922020
0.946662128 -0.063111469 0.315987229 0.000125308 0.061518397 0.997992873 0.015024871 0.005250013 -0.316301256 0.005215553 0.948644459 -0.022707209
0.945811450 -0.058330398 0.319434404 0.000099479 0.057203632 0.998278916 0.012917117 0.005303180 -0.319638103 0.006055647 0.947520375 -0.023406090
0.944691122 -0.057175275 0.322939277 0.000056601 0.055880092 0.998348951 0.013288770 0.005192599 -0.323165923 0.005492094 0.946326435 -0.023356184
0.943617404 -0.054450378 0.326529264 -0.000008010 0.053674147 0.998493493 0.011394035 0.005313492 -0.326657802 0.006774571 0.945118368 -0.023822533
0.942467332 -0.050649259 0.330439001 0.000049534 0.050292987 0.998688042 0.009633566 0.005326536 -0.330493391 0.007539446 0.943778157 -0.023980809
0.941277921 -0.046203636 0.334456295 0.000111368 0.046091519 0.998902857 0.008276191 0.005107154 -0.334471792 0.007625401 0.942375004 -0.023318851
0.940204859 -0.040088374 0.338242143 0.000075563 0.040949911 0.999150753 0.004591430 0.005476461 -0.338138998 0.009534102 0.941047907 -0.024392745
0.939501286 -0.037115879 0.340528429 0.000241662 0.038352054 0.999259472 0.003102807 0.005267699 -0.340391487 0.010144871 0.940229058 -0.023439145
0.938769996 -0.037235007 0.342526615 0.000198422 0.037958916 0.999268711 0.004592598 0.005184621 -0.342447162 0.008690547 0.939496875 -0.023741417
0.938523889 -0.037889026 0.343128830 0.000580244 0.038256634 0.999251723 0.005700211 0.004975315 -0.343088090 0.007777174 0.939271092 -0.022847794
0.937655628 -0.031831134 0.346105099 0.000391616 0.032572351 0.999462664 0.003676306 0.005157362 -0.346036106 0.007826347 0.938188612 -0.023319500
0.937068939 -0.037546169 0.347119838 0.000129191 0.037419308 0.999274671 0.007070964 0.005195757 -0.347133547 0.006363000 0.937794149 -0.023992751
0.936322927 -0.038875561 0.348981500 -0.000005237 0.038461048 0.999227226 0.008119515 0.005198105 -0.349027514 0.005819708 0.937094450 -0.024081310
0.935772717 -0.040783219 0.350237310 0.000075782 0.040328827 0.999149561 0.008593921 0.005270750 -0.350289911 0.006082704 0.936621606 -0.024153907
0.935251772 -0.040446743 0.351664901 -0.000115538 0.040116798 0.999161065 0.008228032 0.005653361 -0.351702720 0.006412387 0.936089814 -0.025224816
0.934838176 -0.043720990 0.352372020 0.000019977 0.043197073 0.999022841 0.009353722 0.005678833 -0.352436632 0.006477223 0.935813308 -0.024761733
0.934567332 -0.039986532 0.353532195 0.000060997 0.039411314 0.999184072 0.008829121 0.005744990 -0.353596777 0.005681762 0.935380697 -0.025042726
0.933801889 -0.042174034 0.355296224 -0.000102980 0.041555095 0.999092221 0.009376744 0.005924189 -0.355369151 0.006008347 0.934706748 -0.025363682
0.933449507 -0.044521052 0.355935365 0.000067004 0.042896006 0.999001741 0.012461146 0.005679293 -0.356134862 0.003636352 0.934427500 -0.025053672
0.932871699 -0.046396453 0.357208461 -0.000029571 0.044524692 0.998917520 0.013466656 0.005712584 -0.357446641 0.003341934 0.933927655 -0.025326915
0.932299614 -0.049888737 0.358229667 0.000001393 0.047987316 0.998746991 0.014202265 0.005856728 -0.358489275 0.003949712 0.933525443 -0.025370874
0.931738019 -0.053162310 0.359218568 -0.000131199 0.051716585 0.998568594 0.013640467 0.006330448 -0.359429568 0.005868212 0.933153749 -0.026058305
0.931077957 -0.053054117 0.360942215 0.000049965 0.051367711 0.998577774 0.014271867 0.006171657 -0.361186028 0.005252553 0.932479024 -0.025695873
0.930385172 -0.055519029 0.362354875 -0.000072991 0.053767927 0.998441875 0.014923601 0.006230284 -0.362618804 0.005598374 0.931920826 -0.026381206
0.929630339 -0.056123979 0.364194185 -0.000382451 0.054466076 0.998405516 0.014830440 0.006770320 -0.364445746 0.006049401 0.931204975 -0.028064506
0.929079533 -0.053797994 0.365946740 -0.000328028 0.052703969 0.998525679 0.012986874 0.007156415 -0.366105884 0.007221005 0.930545211 -0.027694575
0.928491712 -0.055714574 0.367149919 -0.000299642 0.054374769 0.998422444 0.014000166 0.007174525 -0.367350698 0.006964655 0.930056393 -0.027872605
0.927767098 -0.060043216 0.368297637 -0.000252825 0.058324523 0.998172522 0.015807640 0.007004530 -0.368573755 0.006814975 0.929573596 -0.027634142
0.926340818 -0.057231966 0.372313350 -0.000829641 0.055344198 0.998342931 0.015765032 0.006928108 -0.372598678 0.006001592 0.927973151 -0.028806269
0.925903738 -0.061572269 0.372707635 -0.000363205 0.059328496 0.998085141 0.017498635 0.006661340 -0.373071402 0.005910130 0.927783787 -0.027700195
0.924470365 -0.058694892 0.376708865 -0.000768881 0.056801166 0.998254895 0.016143708 0.007039485 -0.376999050 0.006473123 0.926190972 -0.028299218
0.923433661 -0.062990710 0.378553003 -0.000983466 0.058540314 0.998013914 0.023266217 0.006074087 -0.379266739 0.000675805 0.925287187 -0.030012641
0.922784686 -0.061901230 0.380311310 -0.000810393 0.057948474 0.998080492 0.021846440 0.006355620 -0.380933672 0.001878900 0.924600482 -0.030224994
0.921654880 -0.064048305 0.382687956 -0.001199339 0.059174195 0.997946799 0.024507197 0.006121397 -0.383471817 0.000058073 0.923552513 -0.031116262
0.921041012 -0.067152210 0.383632779 -0.000808702 0.062251668 0.997742474 0.025191449 0.006189509 -0.384458363 0.000679426 0.923142016 -0.030893624
0.919875324 -0.064419389 0.386884362 -0.000875223 0.059875954 0.997922003 0.023798116 0.006339458 -0.387613475 0.001273771 0.921821058 -0.030765675
0.918989480 -0.061941259 0.389386326 -0.000853543 0.057862196 0.998077512 0.022207834 0.006648565 -0.390013337 0.002121982 0.920806766 -0.031378414
0.918037295 -0.060453366 0.391858339 -0.000793429 0.056221500 0.998169839 0.022276655 0.006467371 -0.392487854 0.001580064 0.919755936 -0.030933788
0.917007267 -0.067833349 0.393060088 -0.000704749 0.062705077 0.997696221 0.025889343 0.006172775 -0.393910706 0.000906140 0.919148326 -0.030385692
0.916278481 -0.055574760 0.396667659 -0.000979297 0.051369749 0.998454094 0.021226468 0.006582509 -0.397234052 0.000927365 0.917716861 -0.032423809
0.915283144 -0.055928729 0.398909569 -0.001019288 0.051758152 0.998434007 0.021227341 0.006714445 -0.399472117 0.001217796 0.916744530 -0.032701507
0.914348483 -0.054496974 0.401244193 -0.001030505 0.050808273 0.998511374 0.019836741 0.006701385 -0.401728004 0.002248835 0.915756285 -0.032775849
0.913663685 -0.049806226 0.403408110 -0.000913323 0.045818876 0.998758614 0.019536940 0.006644553 -0.403880388 0.000633515 0.914811552 -0.032639928
0.912844241 -0.051553164 0.405040264 -0.000892050 0.047954157 0.998668134 0.019034699 0.006754977 -0.405482054 0.002047649 0.914100707 -0.032525435
0.912176609 -0.051992387 0.406485528 -0.000902593 0.047845099 0.998647094 0.020366909 0.006549585 -0.406994551 0.000870124 0.913430214 -0.032692585
0.911142170 -0.051685371 0.408837974 -0.000983357 0.047596041 0.998662770 0.020177905 0.006608900 -0.409334213 0.001074129 0.912383914 -0.032763090
0.910509169 -0.051495187 0.410269648 -0.001122507 0.047262531 0.998672962 0.020459397 0.006736538 -0.410778791 0.000761914 0.911734760 -0.033268992
0.910372257 -0.053491320 0.410318136 -0.000860316 0.048956838 0.998568177 0.021558346 0.006676957 -0.410883844 0.000461759 0.911687613 -0.032861203
0.909836650 -0.053894863 0.411451787 -0.000990202 0.049366418 0.998546362 0.021633506 0.006689198 -0.412019700 0.000628945 0.911174774 -0.033041995
0.909568906 -0.051858678 0.412304580 -0.001012305 0.047556680 0.998654068 0.020695390 0.006780802 -0.412822902 0.000783955 0.910811007 -0.033268757
0.909487188 -0.054232102 0.412179410 -0.001132698 0.049352936 0.998528361 0.022481518 0.006748594 -0.412792087 -0.000104387 0.910825253 -0.033835083
0.909261227 -0.050279360 0.413177967 -0.001329502 0.045922052 0.998735130 0.020476945 0.007075034 -0.413684934 0.000355089 0.910420060 -0.034752775
0.909358561 -0.050544634 0.412931085 -0.001252858 0.046587080 0.998720825 0.019653663 0.007186396 -0.413396299 0.001365023 0.910550237 -0.034687340
0.909391820 -0.048921295 0.413053483 -0.001196679 0.044598047 0.998802662 0.020107847 0.006983040 -0.413542569 0.000135466 0.910484791 -0.034336790
0.909396827 -0.048621863 0.413077891 -0.001093057 0.044238534 0.998817205 0.020175317 0.006904669 -0.413570225 -0.000073410 0.910472274 -0.033890516
0.909352362 -0.049195521 0.413107902 -0.000968570 0.044342328 0.998788536 0.021333713 0.006659342 -0.413656980 -0.001081697 0.910432160 -0.033434600
0.909222603 -0.050070360 0.413288385 -0.001148580 0.045703392 0.998745561 0.020453028 0.007013067 -0.413794130 0.000292326 0.910370409 -0.033996139
0.909265995 -0.048517808 0.413377941 -0.001198708 0.044608597 0.998821735 0.019109780 0.007204505 -0.413818002 0.001064335 0.910358965 -0.034326676
0.909409523 -0.048341185 0.413082957 -0.001219676 0.043769032 0.998830676 0.020530229 0.006978427 -0.413592398 -0.000590146 0.910461962 -0.034657475
0.909127831 -0.048967343 0.413628787 -0.001254726 0.044518173 0.998800278 0.020394828 0.006984370 -0.414131224 -0.000127509 0.910217226 -0.034235924
0.909151495 -0.046895787 0.413816929 -0.001297546 0.042820022 0.998899698 0.019125130 0.007058889 -0.414258450 0.000332011 0.910159171 -0.034427434
0.909305453 -0.045278974 0.413658440 -0.001079840 0.041304979 0.998974204 0.018550795 0.007056977 -0.414074153 0.000217813 0.910243154 -0.033865668
0.909342766 -0.051596384 0.412836075 -0.001324857 0.046832513 0.998667896 0.021657141 0.006961259 -0.413403541 -0.000359613 0.910547853 -0.035020780
0.909323275 -0.052141793 0.412810445 -0.001209956 0.047229908 0.998639464 0.022101168 0.006889569 -0.413401306 -0.000600101 0.910548747 -0.034277517
0.909495234 -0.048412807 0.412885725 -0.001070273 0.043949947 0.998827279 0.020305324 0.006836924 -0.413384557 -0.000321292 0.910556495 -0.033760179
0.909216881 -0.050987821 0.413188845 -0.001283607 0.046712853 0.998699009 0.020449191 0.006987290 -0.413693964 0.000708482 0.910415769 -0.034123521
0.909963548 -0.044357110 0.412309021 -0.001157979 0.040514469 0.999015689 0.018061092 0.007163051 -0.412704319 0.000269547 0.910865068 -0.034638464
0.909941733 -0.046975635 0.412067175 -0.001080151 0.042786062 0.998896062 0.019392341 0.006843381 -0.412523210 -0.000015167 0.910947144 -0.033578195
0.910531580 -0.051258851 0.410249799 -0.001098771 0.046264570 0.998684704 0.022098932 0.006795130 -0.410842985 -0.001141743 0.911705494 -0.034080800
0.910485268 -0.053140577 0.410113066 -0.001076953 0.047901798 0.998586118 0.023046244 0.006614656 -0.410757899 -0.001338112 0.911743522 -0.033630718
0.910946608 -0.052233811 0.409204096 -0.001054216 0.047296289 0.998634577 0.022184763 0.006801077 -0.409804136 -0.000855300 0.912173212 -0.034167714
0.911037087 -0.053665001 0.408817291 -0.001065718 0.048880037 0.998558879 0.022152079 0.006993029 -0.409417003 -0.000198361 0.912347317 -0.033719797
