1.000000000 0.000000000 0.000000000 0.000000000 0.000000000 1.000000000 0.000000000 0.000000000 0.000000000 0.000000000 1.000000000 0.000000000
1.000000000 0.000222708 0.000064986 0.000008158 -0.000222712 1.000000000 0.000054953 0.000010499 -0.000064974 -0.000054968 1.000000000 0.000040596
1.000000000 -0.000034139 0.000071277 0.000025104 0.000034146 1.000000000 -0.000105808 0.000057827 -0.000071273 0.000105811 1.000000000 0.000184703
0.999999940 0.000254087 0.000206307 -0.000010104 -0.000254094 0.999999940 0.000033650 0.000001471 -0.000206298 -0.000033702 1.000000000 0.000061342
0.999999702 0.000747701 0.000257279 0.000019316 -0.000747738 0.999999702 0.000142053 0.000012570 -0.000257173 -0.000142245 0.999999940 0.000179660
0.999999762 0.000315271 0.000569513 -0.000030733 -0.000315555 0.999999821 0.000499302 -0.000073557 -0.000569356 -0.000499482 0.999999702 0.000459077
0.999999642 0.000782030 0.000342500 0.000119858 -0.000782115 0.999999642 0.000248662 0.000043924 -0.000342306 -0.000248930 0.999999881 0.000587348
0.999998987 0.001364176 0.000457039 0.000160915 -0.001364391 0.999998987 0.000469182 -0.000002553 -0.000456398 -0.000469805 0.999999762 0.000811746
0.999997973 0.001636265 0.001178990 -0.000021513 -0.001637276 0.999998271 0.000857595 -0.000070350 -0.001177585 -0.000859523 0.999998927 0.000457671
0.999998569 0.001454534 0.000874180 0.000400415 -0.001454725 0.999998927 0.000216883 0.000213470 -0.000873864 -0.000218154 0.999999583 0.000810711
0.999994934 0.001944967 0.002520971 0.000002859 -0.001948134 0.999997318 0.001254143 0.000007479 -0.002518525 -0.001259048 0.999996006 0.000113643
0.999994695 0.001584448 0.002838333 -0.000056941 -0.001588063 0.999997914 0.001271919 0.000032632 -0.002836311 -0.001276419 0.999995172 0.000069086
0.999992669 0.002157113 0.003157535 -0.000036055 -0.002161857 0.999996543 0.001499695 -0.000047718 -0.003154289 -0.001506510 0.999993861 -0.000004800
0.999992788 0.001786224 0.003358614 -0.000001032 -0.001791669 0.999997079 0.001619005 -0.000015747 -0.003355712 -0.001625011 0.999993026 0.000159547
0.999986053 0.003146603 0.004239919 -0.000015569 -0.003154202 0.999993443 0.001786584 0.000043145 -0.004234269 -0.001799932 0.999989390 0.000455241
0.999982119 0.003521080 0.004831669 -0.000025637 -0.003531249 0.999991536 0.002097891 -0.000034683 -0.004824241 -0.002114915 0.999986112 -0.000056725
0.999978065 0.002517213 0.006125082 -0.000169253 -0.002532081 0.999993861 0.002420798 -0.000041212 -0.006118950 -0.002436255 0.999978304 -0.000337551
0.999964356 0.004763814 0.006969160 -0.000180440 -0.004785283 0.999983847 0.003067225 -0.000100403 -0.006954436 -0.003100465 0.999971032 0.000050333
0.999960005 0.005287401 0.007213254 0.000010966 -0.005308794 0.999981582 0.002949811 0.000032546 -0.007197525 -0.002987987 0.999969661 -0.000096662
0.999946594 0.006897987 0.007694940 0.000314306 -0.006922564 0.999971032 0.003171782 0.000077828 -0.007672838 -0.003224881 0.999965370 0.000111479
0.999930680 0.006674228 0.009702807 0.000062000 -0.006711536 0.999970198 0.003817648 0.000048284 -0.009677039 -0.003882504 0.999945641 0.000151084
0.999906301 0.007925390 0.011159286 0.000020567 -0.007969157 0.999960721 0.003882973 -0.000080325 -0.011128074 -0.003971539 0.999930203 0.000393615
0.999891877 0.008107881 0.012265760 0.000186289 -0.008149551 0.999961197 0.003351130 0.000024408 -0.012238113 -0.003450728 0.999919176 0.000457516
0.999852002 0.008543647 0.014931345 -0.000121916 -0.008599052 0.999956369 0.003650454 -0.000071574 -0.014899505 -0.003778309 0.999881864 0.000372707
0.999813139 0.010322522 0.016343918 -0.000106877 -0.010377384 0.999940813 0.003275433 -0.000061730 -0.016309138 -0.003444428 0.999861062 0.000335639
0.999760091 0.011768844 0.018472878 -0.000047364 -0.011831495 0.999924600 0.003285903 -0.000025928 -0.018432815 -0.003503677 0.999823987 0.000296011
0.999727070 0.010795265 0.020718424 0.000108857 -0.010869822 0.999934852 0.003489357 -0.000075587 -0.020679405 -0.003713611 0.999779284 0.000844864
0.999640226 0.013115457 0.023396973 0.000139899 -0.013183912 0.999909222 0.002773965 0.000053658 -0.023358468 -0.003081430 0.999722421 0.000918689
0.999573886 0.012664525 0.026298966 0.000138104 -0.012735147 0.999915719 0.002519593 0.000075491 -0.026264841 -0.002853440 0.999650955 0.001232450
0.999494195 0.012455354 0.029260285 0.000124343 -0.012557183 0.999915719 0.003298909 -0.000048509 -0.029216731 -0.003664667 0.999566376 0.000773794
0.999392867 0.014470064 0.031693924 0.000284658 -0.014569960 0.999889553 0.002923198 -0.000050009 -0.031648125 -0.003383202 0.999493361 0.000981982
0.999314845 0.013246763 0.034559071 0.000119283 -0.013389993 0.999902666 0.003916353 -0.000102832 -0.034503829 -0.004376415 0.999395013 0.000993669
0.999274850 0.013677278 0.035534333 0.000035572 -0.013812060 0.999898314 0.003550311 -0.000009650 -0.035482161 -0.004038538 0.999362171 0.000482362
0.999209344 0.012562155 0.037721518 0.000056750 -0.012717418 0.999911606 0.003878914 0.000001726 -0.037669457 -0.004355567 0.999280751 0.000562827
0.999148726 0.012149620 0.039423179 -0.000006485 -0.012274875 0.999920368 0.002936714 0.000148184 -0.039384361 -0.003418129 0.999218285 0.000457327
0.999111056 0.010166262 0.040911820 0.000247803 -0.010307961 0.999941587 0.003254069 0.000044593 -0.040876348 -0.003672893 0.999157488 0.000791131
0.999023199 0.007759091 0.043502286 0.000207182 -0.007908082 0.999963462 0.003253832 0.000034607 -0.043475449 -0.003594673 0.999048054 0.001010988
0.998929381 0.006781317 0.045761827 0.000200892 -0.006907675 0.999972761 0.002603643 0.000087291 -0.045742925 -0.002916963 0.998948991 0.000846436
0.998815119 0.004202658 0.048484076 0.000181246 -0.004348030 0.999986351 0.002893265 0.000050426 -0.048471253 -0.003100647 0.998819768 0.000465022
0.998687446 0.002344987 0.051165152 0.000076797 -0.002488259 0.999993145 0.002736666 0.000179817 -0.051158383 -0.002860386 0.998686433 0.000445322
0.998536348 0.003882403 0.053944729 0.000024984 -0.004086197 0.999984920 0.003668057 0.000018395 -0.053929675 -0.003883117 0.998537183 0.000808406
0.998383582 0.001714804 0.056809310 0.000101554 -0.001912124 0.999992311 0.003419195 0.000057209 -0.056803010 -0.003522294 0.998379171 0.000896118
0.998225629 0.000195537 0.059544407 0.000200987 -0.000448774 0.999990940 0.004239569 0.000117063 -0.059543036 -0.004258769 0.998216629 0.001538086
0.997986853 -0.000544630 0.063418612 0.000162042 0.000231136 0.999987721 0.004950488 0.000074226 -0.063420534 -0.004925863 0.997974753 0.001154327
0.997853518 -0.001837647 0.065459736 0.000445627 0.001433650 0.999979615 0.006218126 0.000130051 -0.065469831 -0.006110932 0.997835815 0.001087920
0.997530758 -0.001915345 0.070205107 -0.000080242 0.001381711 0.999969780 0.007648843 -0.000094289 -0.070217639 -0.007532953 0.997503281 0.000811493
0.997284472 -0.001528047 0.073629752 -0.000029855 0.000978634 0.999971390 0.007497336 0.000077177 -0.073639102 -0.007404920 0.997257471 0.000838078
0.996984780 -0.001395032 0.077584840 0.000028323 0.000662997 0.999955058 0.009460235 -0.000082378 -0.077594548 -0.009380272 0.996940851 0.001533417
0.996688426 -0.000466035 0.081313975 0.000087978 -0.000417083 0.999941111 0.010843275 -0.000088119 -0.081314236 -0.010841282 0.996629536 0.001201047
0.996275604 -0.000133151 0.086225562 -0.000250373 -0.000961350 0.999919474 0.012651819 -0.000206091 -0.086220309 -0.012687591 0.996195316 0.001142472
0.996111989 0.002429047 0.088062212 0.000308137 -0.003605188 0.999906361 0.013199200 0.000185549 -0.088021904 -0.013465363 0.996027529 0.001566824
0.995725691 0.003661624 0.092287555 0.000167944 -0.005042486 0.999878764 0.014733870 0.000035071 -0.092222415 -0.015136250 0.995623410 0.001593029
0.995305836 0.005324080 0.096633077 0.000202185 -0.006939034 0.999841690 0.016383873 0.000032071 -0.096530549 -0.016977504 0.995185196 0.001697815
0.994916737 0.003187821 0.100650571 0.000244390 -0.005026515 0.999825001 0.018019782 -0.000029719 -0.100575514 -0.018434104 0.994758666 0.001847619
0.994431257 0.002103880 0.105366208 0.000047163 -0.004232539 0.999791384 0.019982960 -0.000073234 -0.105302185 -0.020317646 0.994232714 0.001340475
0.993916750 0.005031972 0.110018805 -0.000065550 -0.007378251 0.999753714 0.020929461 0.000050133 -0.109886393 -0.021613888 0.993709147 0.001318584
0.993435383 0.005836560 0.114245586 0.000067384 -0.008388274 0.999725699 0.021867367 0.000241149 -0.114086613 -0.022682138 0.993211865 0.001443475
0.993008554 0.007115785 0.117827766 0.000312494 -0.009893445 0.999686360 0.023005802 0.000295250 -0.117627107 -0.024010681 0.992767513 0.002423856
0.992557466 0.007639353 0.121537142 0.000410721 -0.010543933 0.999673545 0.023273552 0.000399563 -0.121319674 -0.024381816 0.992313981 0.002409686
0.991986990 0.008400737 0.126060441 0.000284614 -0.011611443 0.999626100 0.024756407 0.000251504 -0.125805333 -0.026021777 0.991713583 0.002357255
0.991406560 0.011081536 0.130346566 0.000481424 -0.014401603 0.999594688 0.024556059 0.000461104 -0.130021632 -0.026222238 0.991164327 0.002982816
0.990866482 0.011697917 0.134338319 0.000346952 -0.015195766 0.999570906 0.025041837 0.000154850 -0.133987740 -0.026854491 0.990619063 0.002311078
0.990388572 0.010803289 0.137890384 0.000318778 -0.014327440 0.999594927 0.024590692 0.000207312 -0.137568861 -0.026329957 0.990142167 0.002621323
0.990103900 0.013659071 0.139669925 0.000615794 -0.017134832 0.999571919 0.023713341 0.000347483 -0.139286235 -0.025871893 0.989914119 0.002949160
0.989426911 0.014818177 0.144273445 0.000114330 -0.018373551 0.999558687 0.023342118 0.000595189 -0.143863901 -0.025746137 0.989262462 0.002885225
0.988893390 0.017842017 0.147552177 0.000139905 -0.021512236 0.999496698 0.023315627 0.000626634 -0.147061914 -0.026230846 0.988779426 0.003028203
0.988296986 0.018033380 0.151472256 0.000124900 -0.021674002 0.999513745 0.022418208 0.000787373 -0.150994316 -0.025438858 0.988207221 0.002969478
0.987665772 0.019699069 0.155332521 0.000102135 -0.023511389 0.999464810 0.022743931 0.000654570 -0.154801339 -0.026115486 0.987600386 0.002930029
0.987013221 0.020183146 0.159365699 0.000033375 -0.023987107 0.999470592 0.021981720 0.000709895 -0.158837631 -0.025518969 0.986974895 0.003123619
0.986366332 0.017466163 0.163634926 0.000024172 -0.021246403 0.999545753 0.021379972 0.000694748 -0.163187146 -0.024565142 0.986289322 0.003091143
0.985746622 0.017474394 0.167326823 0.000290258 -0.021210808 0.999563456 0.020568844 0.000772281 -0.166894332 -0.023824804 0.985686898 0.003246535
0.984852731 0.018178236 0.172438070 0.000201970 -0.021901911 0.999565721 0.019716151 0.000851031 -0.172004789 -0.023194226 0.984823048 0.003363759
0.983919263 0.017083872 0.177795291 -0.000083875 -0.020956136 0.999581814 0.019924141 0.000788949 -0.177380547 -0.023329645 0.983865798 0.002952390
0.983083546 0.016595755 0.182404146 -0.000003706 -0.020652074 0.999579370 0.020361045 0.000620051 -0.181989521 -0.023783635 0.983012795 0.002858359
0.982199490 0.016950119 0.187074855 -0.000027318 -0.021065915 0.999577343 0.020034621 0.000625194 -0.186656207 -0.023618894 0.982141376 0.002908431
0.981299639 0.017200861 0.191716909 0.000097081 -0.021234067 0.999593914 0.019002505 0.000719318 -0.191312194 -0.022718078 0.981266260 0.002949184
0.980554819 0.017891418 0.195428520 0.000179911 -0.021789679 0.999603868 0.017815426 0.000758329 -0.195032358 -0.021727320 0.980556130 0.002771002
0.979400694 0.020103576 0.200923607 -0.000167564 -0.023980444 0.999569952 0.016879713 0.000803592 -0.200497851 -0.021350235 0.979461491 0.002803419
0.978609383 0.020026408 0.204750031 -0.000136336 -0.023830375 0.999585867 0.016129501 0.000686890 -0.204342216 -0.020663748 0.978681386 0.002941364
0.977780938 0.018337863 0.208825588 -0.000180272 -0.022030259 0.999639153 0.015369387 0.000520743 -0.208468437 -0.019628378 0.977832079 0.002798708
0.977051258 0.016459906 0.212367103 -0.000089359 -0.019979920 0.999696136 0.014439652 0.000604394 -0.212064877 -0.018351359 0.977083325 0.002849292
0.976403832 0.015772128 0.215376034 0.000166767 -0.018985214 0.999737084 0.012857758 0.000820524 -0.215116635 -0.016643323 0.976446569 0.003331420
0.975527704 0.014279225 0.219412223 0.000001587 -0.017544689 0.999762297 0.012941392 0.000535874 -0.219175279 -0.016474208 0.975546479 0.003126303
0.974779189 0.013814220 0.222743541 -0.000128354 -0.017023053 0.999777138 0.012492293 0.000510431 -0.222521305 -0.015969004 0.974797010 0.002623138
0.974069893 0.013064178 0.225869492 0.000056232 -0.016107492 0.999802589 0.011636032 0.000673555 -0.225672901 -0.014972499 0.974088192 0.003083624
0.973315299 0.011058570 0.229205325 0.000008819 -0.014029896 0.999837339 0.011338067 0.000621587 -0.229042664 -0.014251241 0.973312140 0.003223874
0.972608030 0.010335445 0.232221231 -0.000096003 -0.013283675 0.999849796 0.011135589 0.000556145 -0.232071221 -0.013915315 0.972599208 0.002903562
0.971924722 0.010245281 0.235068813 0.000185856 -0.012895323 0.999869406 0.009739015 0.000706541 -0.234938323 -0.012496877 0.971929967 0.003352432
0.971049368 0.011725361 0.238590762 0.000237465 -0.014227458 0.999860287 0.008767495 0.000791974 -0.238454655 -0.011908213 0.971080601 0.003574583
0.970073640 0.008547080 0.242660418 0.000018572 -0.011005595 0.999900997 0.008777733 0.000624094 -0.242561340 -0.011185669 0.970071673 0.003126593
0.969268501 0.010143603 0.245795682 -0.000013399 -0.012587878 0.999885738 0.008375218 0.000627748 -0.245682627 -0.011211886 0.969285488 0.003093387
0.968692124 0.009216902 0.248094112 0.000071547 -0.011529149 0.999902606 0.007868750 0.000627590 -0.247997403 -0.010482714 0.968704045 0.003000108
0.967988968 0.007701091 0.250874609 0.000265191 -0.009753232 0.999928355 0.006937655 0.000777477 -0.250803173 -0.009162412 0.967994690 0.003524346
0.967047274 0.006093781 0.254523665 0.000326281 -0.008079847 0.999944568 0.006758332 0.000763689 -0.254468352 -0.008592141 0.967042983 0.003803633
0.966095209 0.004072811 0.258153975 0.000081681 -0.006172721 0.999954104 0.007324359 0.000613228 -0.258112282 -0.008669542 0.966076016 0.003057374
0.965166390 0.003904940 0.261607647 0.000010315 -0.005900100 0.999959171 0.006841532 0.000655824 -0.261570275 -0.008146727 0.965150058 0.003152999
0.964332402 0.000845881 0.264692813 0.000356965 -0.002498044 0.999979436 0.005905262 0.000952813 -0.264682353 -0.006355850 0.964314759 0.003754013
0.963258386 -0.003017218 0.268559575 0.000460895 0.001271180 0.999976933 0.006675151 0.000780702 -0.268573523 -0.006088510 0.963239968 0.003824629
0.961960793 -0.004183174 0.273155749 0.000446074 0.002590772 0.999977469 0.006190085 0.000825653 -0.273175478 -0.005246935 0.961949944 0.003781448
0.960772991 -0.006646817 0.277255982 0.000422454 0.005108605 0.999967277 0.006269980 0.000739160 -0.277288556 -0.004607637 0.960775614 0.003661381
0.959437907 -0.006450195 0.281846315 0.000374033 0.004867409 0.999968231 0.006315546 0.000798586 -0.281878054 -0.004687513 0.959438801 0.003695492
0.958247423 -0.006154171 0.285874605 0.000431539 0.004517933 0.999969423 0.006382821 0.000827308 -0.285905153 -0.004824759 0.958245814 0.003850200
0.956991017 -0.006328869 0.290049016 0.000248250 0.004676091 0.999968648 0.006390968 0.000792051 -0.290080339 -0.004759802 0.956990480 0.003539841
0.955932796 -0.003886057 0.293560088 0.000347020 0.002088376 0.999977171 0.006436911 0.000850971 -0.293578416 -0.005540191 0.955918908 0.003817300
0.954655588 -0.003661725 0.297690243 0.000426828 0.001905354 0.999979079 0.006189960 0.000881660 -0.297706634 -0.005342074 0.954642475 0.004144055
0.953368604 -0.001450773 0.301805049 0.000479008 -0.000376012 0.999981940 0.005994678 0.000937790 -0.301808268 -0.005828620 0.953350782 0.004140182
0.951895058 -0.001660791 0.306419700 0.000590003 -0.000404003 0.999977648 0.006674903 0.000958084 -0.306423932 -0.006477603 0.951873064 0.004174656
0.950323820 -0.001368193 0.311259985 0.000159704 -0.000581725 0.999980807 0.006171669 0.000766492 -0.311262459 -0.006046153 0.950304747 0.003513804
0.949007571 -0.000522145 0.315252900 -0.000017954 -0.001175867 0.999985754 0.005195967 0.000795509 -0.315251172 -0.005301707 0.948993504 0.003210969
0.947511554 -0.001304767 0.319718778 -0.000052730 -0.000107724 0.999990344 0.004400188 0.000793704 -0.319721431 -0.004203671 0.947502255 0.003748270
0.946597636 -0.002634368 0.322406590 0.000429602 0.001487709 0.999991596 0.003802912 0.000816450 -0.322413862 -0.003120180 0.946593642 0.003785099
0.944912016 -0.003499742 0.327305764 0.000296690 0.002428912 0.999990225 0.003680350 0.000759076 -0.327315539 -0.002682610 0.944911361 0.003698166
0.943159282 -0.003405511 0.332323581 0.000368640 0.002493086 0.999991894 0.003171924 0.000819353 -0.332331717 -0.002163119 0.943160057 0.003636611
0.941401243 -0.004065435 0.337264389 0.000437928 0.003492306 0.999991298 0.002306018 0.000903041 -0.337270796 -0.000993058 0.941407144 0.003648370
0.939140916 -0.004376653 0.343504429 0.000218936 0.003800303 0.999990046 0.002351030 0.000828339 -0.343511254 -0.000902527 0.939148128 0.003824570
0.937498450 -0.001866137 0.347984463 0.000481296 0.001500013 0.999997973 0.001321534 0.000885857 -0.347986221 -0.000716955 0.937499344 0.004068207
0.935499549 -0.003901385 0.353306323 0.000474130 0.003815920 0.999992311 0.000938455 0.000810634 -0.353307217 0.000470264 0.935507178 0.003947810
0.933458626 -0.004915963 0.358651340 0.000544174 0.005449185 0.999985039 -0.000475950 0.000947979 -0.358643562 0.002398637 0.933471441 0.003954749
0.931036353 -0.005015156 0.364892036 0.000456612 0.005966804 0.999981105 -0.001480575 0.000986097 -0.364877671 0.003555708 0.931048691 0.004071797
0.928533256 -0.007238969 0.371178806 0.000324963 0.008731605 0.999959171 -0.002340955 0.000916642 -0.371146709 0.005414641 0.928558409 0.003449529
0.926148951 -0.007646708 0.377080292 0.000658334 0.009408941 0.999951780 -0.002831607 0.000920069 -0.377040416 0.006170415 0.926176190 0.004080033
0.923377395 -0.010610077 0.383746684 0.000445933 0.012810444 0.999912918 -0.003178460 0.000946688 -0.383679450 0.007850884 0.923432946 0.003572376
0.920752466 -0.010608991 0.390003294 0.000404848 0.013031227 0.999908686 -0.003565378 0.000923998 -0.389929891 0.008365050 0.920806468 0.003663413
0.918256044 -0.012835808 0.395779252 0.000523404 0.015385489 0.999876261 -0.003268483 0.000923558 -0.395688355 0.009090561 0.918339849 0.003991152
0.915269792 -0.013920349 0.402600914 0.000071894 0.016794542 0.999852419 -0.003609634 0.001061811 -0.402491242 0.010065287 0.915368438 0.003626260
0.913424194 -0.015457929 0.406715333 0.000587291 0.018314080 0.999827385 -0.003130598 0.000914291 -0.406596690 0.010308179 0.913549602 0.003647380
0.910700679 -0.013020894 0.412861764 0.000656308 0.015901359 0.999867260 -0.003541650 0.000932508 -0.412760913 0.009790445 0.910786748 0.003719191
0.907917678 -0.013624790 0.418927073 0.000261386 0.017052377 0.999844670 -0.004438671 0.001045663 -0.418801546 0.011173649 0.908009052 0.002697909
0.904712141 -0.012776117 0.425831854 0.000466773 0.016058672 0.999862552 -0.004119269 0.001038615 -0.425720662 0.010565046 0.904792905 0.003388182
0.901272535 -0.013159523 0.433052719 -0.000263037 0.016327498 0.999860227 -0.003597348 0.000821694 -0.432944804 0.010312857 0.901361406 0.001953953
0.898285747 -0.012834249 0.439224243 -0.000334944 0.015683910 0.999872923 -0.002859617 0.000906024 -0.439131737 0.009457506 0.898372829 0.001898473
0.895688474 -0.012672529 0.444501698 0.000190445 0.015195563 0.999882281 -0.002113492 0.001040817 -0.444422632 0.008647484 0.895775437 0.003067045
0.893168569 -0.010298760 0.449604243 -0.000049573 0.012652542 0.999917448 -0.002230724 0.001011316 -0.449544072 0.007681049 0.893225074 0.002297458
0.890091777 -0.013691186 0.455575794 -0.000237165 0.016339881 0.999864757 -0.001875996 0.001051248 -0.455488384 0.009113861 0.890195072 0.002097730
0.888085902 -0.007604729 0.459614635 0.000636779 0.009132710 0.999957800 -0.001101407 0.001036805 -0.459586799 0.005175672 0.888117790 0.003450647
0.885620594 -0.007402888 0.464350373 0.000458823 0.008685856 0.999962091 -0.000624026 0.001035256 -0.464328140 0.004585931 0.885651410 0.003226917
0.882998407 -0.007312703 0.469318926 0.000201184 0.008382237 0.999964833 -0.000189760 0.001058270 -0.469300985 0.004101500 0.883028746 0.002638647
0.880702913 -0.005908283 0.473632336 0.000188072 0.006957070 0.999975741 -0.000462326 0.001120478 -0.473618031 0.003702265 0.880722523 0.002856430
0.878582835 -0.005085419 0.477563053 0.000159429 0.006082784 0.999981284 -0.000542137 0.001167476 -0.477551311 0.003381225 0.878597379 0.002805201
0.876673162 -0.005079905 0.481059641 0.000164974 0.005996130 0.999981940 -0.000367589 0.001119941 -0.481049091 0.003206752 0.876687825 0.002697787
0.874818385 -0.005780847 0.484416574 -0.000041464 0.006985112 0.999975324 -0.000681231 0.001374874 -0.484400690 0.003979657 0.874837220 0.002239205
0.873382568 -0.007196530 0.486981779 -0.000003688 0.007985100 0.999967992 0.000456392 0.001012059 -0.486969382 0.003489994 0.873412132 0.001922756
0.871882319 -0.006601926 0.489670962 -0.000084837 0.007080933 0.999974489 0.000874092 0.000997389 -0.489664227 0.002705223 0.871906877 0.002105302
0.870837331 -0.008168731 0.491503328 0.000225675 0.008704870 0.999961436 0.001196100 0.001002415 -0.491494089 0.003236865 0.870874822 0.002214040
0.869352221 -0.010208860 0.494087338 -0.000058212 0.010936418 0.999939203 0.001418048 0.000986565 -0.494071752 0.004170762 0.869411111 0.001636978
0.867726266 -0.015726781 0.496793509 -0.000108978 0.016487770 0.999859989 0.002853719 0.000824354 -0.496768832 0.005714770 0.867864072 0.001837600
0.867129028 -0.017671119 0.497769982 0.000455606 0.019008070 0.999816537 0.002381479 0.001080374 -0.497720748 0.007396597 0.867305815 0.001768743
0.865385056 -0.022653723 0.500595272 0.000004415 0.023649534 0.999710739 0.004357250 0.001085456 -0.500549138 0.008068144 0.865670562 0.001179965
0.864254534 -0.025250040 0.502420723 0.000125170 0.026256023 0.999642372 0.005073681 0.001158034 -0.502369106 0.008806618 0.864608407 0.001512867
0.863798141 -0.027226688 0.503101826 0.000104723 0.028052516 0.999588788 0.005930768 0.001107075 -0.503056467 0.008990285 0.864206791 0.000767720
0.862797618 -0.031534132 0.504565060 0.000106458 0.032362036 0.999450862 0.007124797 0.001113330 -0.504512668 0.010181498 0.863344252 0.000556577
0.860077858 -0.035489924 0.508926988 -0.000158528 0.036108520 0.999310315 0.008663945 0.000971241 -0.508883476 0.010924930 0.860766113 0.001416632
0.858259022 -0.038604766 0.511762738 -0.000226897 0.039436232 0.999179304 0.009235892 0.001065992 -0.511699378 0.012255205 0.859077096 0.001237185
0.855841279 -0.043241888 0.515427947 -0.000014037 0.043816384 0.998978436 0.011054616 0.000818427 -0.515379429 0.013123187 0.856861591 0.001818694
0.852025092 -0.048754338 0.521225810 -0.001188262 0.049593367 0.998693168 0.012347491 0.000532904 -0.521146595 0.015328967 0.853329480 0.000987559
0.849503338 -0.052335590 0.524981141 -0.001026674 0.052529506 0.998513579 0.014541100 0.000209369 -0.524961829 0.015224292 0.850989699 0.000756846
0.847567976 -0.058346372 0.527469635 -0.000374310 0.059250783 0.998127341 0.015200953 0.000235916 -0.527368844 0.018369149 0.849437892 0.001013970
0.844721079 -0.059219532 0.531920433 -0.000674885 0.060131215 0.998068154 0.015624559 0.000227190 -0.531818151 0.018786632 0.846650124 0.000463290
0.842857957 -0.059594512 0.534826100 -0.000198377 0.061180647 0.998017132 0.014789364 0.000680024 -0.534647048 0.020255681 0.844832718 0.000677830
0.840402126 -0.062720634 0.538321912 -0.000412944 0.065625094 0.997748911 0.013798400 0.001299285 -0.537975490 0.023731209 0.842626393 -0.000075526
0.836925626 -0.067432389 0.543146729 -0.000709016 0.069539025 0.997439682 0.016681936 0.000970629 -0.542881012 0.023808362 0.839472055 0.000223868
0.833948612 -0.070830882 0.547277451 -0.001038543 0.072567105 0.997192323 0.018481953 0.000737169 -0.547049999 0.024301346 0.836747169 0.000127495
0.830874920 -0.075665608 0.551290870 -0.000523906 0.077618435 0.996785939 0.019828362 0.000918771 -0.551019311 0.026315453 0.834077477 0.001172287
0.827929914 -0.079460382 0.555173934 -0.000963415 0.081068657 0.996471763 0.021724477 0.000927317 -0.554941356 0.027020857 0.831450522 0.000072031
0.825083792 -0.082739159 0.558919370 -0.001610100 0.084473930 0.996165514 0.022765035 0.000948457 -0.558659732 0.028431056 0.828909397 -0.000708724
0.823344409 -0.085064098 0.561131120 -0.001277654 0.086971067 0.995936811 0.023365876 0.001236883 -0.560838759 0.029564008 0.827397048 -0.000414054
0.821472585 -0.093125686 0.562592566 -0.000373573 0.094681337 0.995155394 0.026478132 0.000915107 -0.562332809 0.031515956 0.826310217 0.000227120
0.818764329 -0.096200138 0.566012740 -0.001267473 0.096950978 0.994871080 0.028845156 0.000502301 -0.565884590 0.031258106 0.823891699 -0.000563490
0.817210674 -0.095449358 0.568380356 -0.000373410 0.096712679 0.994917691 0.028026337 0.000920781 -0.568166733 0.032066159 0.822288454 0.001050447
0.816729903 -0.101600423 0.568004966 -0.000596262 0.102095015 0.994289935 0.031049410 0.000532963 -0.567916334 0.032631498 0.822439194 -0.001556171
0.814634562 -0.103573345 0.570651531 -0.000361119 0.103673756 0.994082630 0.032426506 0.000459285 -0.570633352 0.032745831 0.820551872 -0.001353796
0.810583889 -0.109870672 0.575223505 -0.000983676 0.110485785 0.993294895 0.034031913 0.000619160 -0.575105667 0.035968296 0.817288101 -0.001329441
0.806454182 -0.109614991 0.581047595 -0.001759677 0.109604530 0.993349254 0.035272378 0.000631848 -0.581049442 0.035239894 0.813104928 -0.000826049
0.804065228 -0.116896100 0.582936168 -0.001929433 0.116376676 0.992458940 0.038495027 0.000024446 -0.583040118 0.036887672 0.811605513 -0.002272873
0.800989330 -0.119353987 0.586660624 -0.001456652 0.119291179 0.992094398 0.038965385 0.000313907 -0.586673498 0.038772579 0.808894932 -0.001630386
0.796975017 -0.123837650 0.591181159 -0.001383539 0.124351904 0.991429985 0.040040158 0.000545800 -0.591073155 0.041603491 0.805544376 -0.000629916
0.793877423 -0.124800816 0.595133007 -0.000611159 0.123528011 0.991403759 0.043119580 -0.000201251 -0.595398486 0.039283950 0.802469492 -0.000142682
0.790406764 -0.124004081 0.599900246 -0.000559078 0.122601889 0.991505861 0.043416239 -0.000108658 -0.600188434 0.039232433 0.798895955 -0.000144010
0.785772502 -0.124297090 0.605897546 -0.000771297 0.122245222 0.991485417 0.044862103 -0.000268928 -0.606314838 0.038816672 0.794276714 -0.000270218
0.781631052 -0.123778559 0.611336172 -0.000913569 0.121253952 0.991567433 0.045734126 -0.000327475 -0.611841917 0.038379721 0.790048420 -0.000407317
0.777457833 -0.121606164 0.617066622 -0.000885043 0.119108073 0.991842926 0.045396563 -0.000211786 -0.617553711 0.038203705 0.785600424 -0.000303015
0.773240924 -0.119160667 0.622815549 -0.001055699 0.116066210 0.992188096 0.045732059 -0.000171543 -0.623399615 0.036925934 0.781030953 -0.000400595
0.768849313 -0.118309826 0.628389716 -0.001509890 0.114736035 0.992309690 0.046444535 -0.000356039 -0.629051983 0.036390088 0.776510954 -0.000940393
0.765181601 -0.113522775 0.633726895 -0.001116736 0.108878337 0.992971003 0.046412930 -0.000248258 -0.634541273 0.033484809 0.772163332 -0.000517591
0.760843992 -0.108898103 0.639732659 -0.001279646 0.104368635 0.993520439 0.044994183 -0.000020195 -0.640487194 0.032534469 0.767279387 -0.000749968
0.755829871 -0.106291264 0.646083117 -0.001643993 0.100610808 0.993870854 0.045806985 -0.000726412 -0.646991968 0.030380655 0.761891365 -0.000942047
0.752714634 -0.098105364 0.650996327 -0.001195214 0.092243604 0.994796276 0.043259479 -0.000128059 -0.651852608 0.027488200 0.757847369 -0.001388294
0.748721540 -0.094010830 0.656184435 -0.001505248 0.088412724 0.995210648 0.041701771 -0.000190950 -0.656962037 0.026792035 0.753447413 -0.001740271
0.745312035 -0.093956858 0.660062253 -0.001685930 0.088839732 0.995187402 0.041346639 -0.000419504 -0.660770476 0.027823605 0.750072181 -0.001711120
0.742360532 -0.090092517 0.663915813 -0.001624427 0.082868479 0.995656073 0.042449430 -0.000504148 -0.664856017 0.023504918 0.746601522 -0.001267100
0.740675688 -0.090003133 0.665807009 -0.002443752 0.083028488 0.995652199 0.042226367 -0.000662609 -0.666712701 0.024004905 0.744928122 -0.002740845
0.738586664 -0.090746909 0.668022990 -0.001958207 0.083430409 0.995585442 0.043001063 -0.000588285 -0.668976068 0.023973415 0.742897153 -0.002263786
0.736163080 -0.091045767 0.670652390 -0.001828001 0.081922054 0.995611668 0.045236863 -0.000700510 -0.671827853 0.021639515 0.740391135 -0.001701872
0.734405160 -0.094134167 0.672151685 -0.001966017 0.085297801 0.995284259 0.046190593 -0.000456989 -0.673330069 0.023410454 0.738971353 -0.002477882
0.730824649 -0.096617006 0.675692677 -0.002237794 0.086031228 0.995075166 0.049234539 -0.000795004 -0.677121758 0.022148857 0.735537589 -0.001814081
0.728148341 -0.100674503 0.677985668 -0.002372550 0.089913338 0.994636357 0.051128298 -0.000845356 -0.679496527 0.023730971 0.733294785 -0.001948484
0.727071941 -0.103467457 0.678719997 -0.002054096 0.092581324 0.994325221 0.052403081 -0.000691783 -0.680290461 0.024735982 0.732525110 -0.002375619
0.724951267 -0.106327370 0.680544019 -0.002149068 0.094091959 0.994038999 0.055075727 -0.000932511 -0.682343364 0.024106499 0.730634272 -0.002622136
0.723545611 -0.111096352 0.681277752 -0.001811440 0.100273922 0.993410647 0.055500917 -0.000619068 -0.682954550 0.028156945 0.729917943 -0.002944274
0.720689178 -0.111277469 0.684269249 -0.002298570 0.098810576 0.993444443 0.057486508 -0.000766440 -0.686180472 0.026183141 0.726959884 -0.003339977
0.718466163 -0.116476305 0.685740113 -0.002120145 0.104528770 0.992763758 0.059108485 -0.000897511 -0.687662661 0.029212128 0.725442350 -0.003213744
0.715712309 -0.120347716 0.687947989 -0.001750302 0.109473899 0.992196500 0.059680030 -0.000588145 -0.689761817 0.032598607 0.723302186 -0.002780216
0.712572157 -0.120844066 0.691113293 -0.002085066 0.109364204 0.992145419 0.060720801 -0.000635757 -0.693022490 0.032315109 0.720191360 -0.002979987
0.709671378 -0.121532612 0.693971515 -0.001620878 0.111289732 0.991980314 0.059914287 -0.000333293 -0.695687652 0.034712449 0.717505276 -0.002118710
0.705443740 -0.122297160 0.698135018 -0.003059507 0.113056198 0.991805434 0.059501626 -0.000095486 -0.699690878 0.036953434 0.713489413 -0.002913234
0.702554703 -0.122849323 0.700945854 -0.003507504 0.113925241 0.991698802 0.059620596 0.000278338 -0.702451468 0.037968691 0.710718215 -0.003092844
0.699630260 -0.122806787 0.703872144 -0.003880931 0.113567442 0.991708219 0.060143411 0.000157926 -0.705421805 0.037858795 0.707775891 -0.003274380
0.696624875 -0.123609602 0.706706762 -0.004508949 0.114501417 0.991575003 0.060567755 0.000380062 -0.708239555 0.038725935 0.704909265 -0.003974931
0.693346679 -0.124878488 0.709701240 -0.004652685 0.115652815 0.991386712 0.061455984 0.000348297 -0.711262882 0.039468635 0.701817214 -0.004041479
0.690133631 -0.125923410 0.712642074 -0.004633709 0.116155446 0.991252065 0.062666900 0.000279620 -0.714299440 0.039528724 0.698723018 -0.004013263
0.686609685 -0.127316430 0.715791643 -0.004206630 0.118188389 0.990997255 0.062896706 0.000563424 -0.717355430 0.041412774 0.695475638 -0.003587849
0.682897806 -0.128982559 0.719036937 -0.004648958 0.118709974 0.990799844 0.064988486 0.000356551 -0.720804155 0.040976353 0.691926599 -0.004161580
0.679076731 -0.129814982 0.722497582 -0.004942820 0.118731380 0.990703106 0.066409037 0.000334761 -0.724401653 0.040686317 0.688176453 -0.004500267
0.675312698 -0.130493104 0.725895524 -0.005335911 0.119197644 0.990594745 0.067186117 0.000426841 -0.727835655 0.041153394 0.684515655 -0.004818872
0.671308875 -0.129622594 0.729755044 -0.005408458 0.117383800 0.990755856 0.068000279 0.000382377 -0.731823444 0.040012226 0.680318713 -0.004661968
0.667318761 -0.130828351 0.733191311 -0.005909199 0.118264116 0.990573823 0.069116056 0.000322447 -0.735322595 0.040587783 0.676500738 -0.005383597
0.663432121 -0.129440218 0.736955285 -0.004956161 0.115499914 0.990833998 0.070055038 0.000454421 -0.739268363 0.038641512 0.672301412 -0.004321543
0.659586072 -0.128582627 0.740548968 -0.006050544 0.115060866 0.990919113 0.069573298 0.000391751 -0.742770076 0.039318644 0.668391228 -0.005386839
0.655931234 -0.129185244 0.743683577 -0.005575290 0.115175553 0.990837932 0.070533186 0.000331335 -0.745981812 0.039389249 0.664800525 -0.004982686
0.650349677 -0.128485695 0.748690069 -0.006713589 0.113351166 0.990971565 0.071602091 0.000121684 -0.751130521 0.038298495 0.659041941 -0.005125201
0.648408890 -0.126144513 0.750768602 -0.005831566 0.110622570 0.991321683 0.071022026 0.000466577 -0.753212273 0.037000652 0.656736076 -0.005453789
0.643915534 -0.126206458 0.754615664 -0.005928780 0.109943427 0.991328061 0.071980640 0.000428956 -0.757156134 0.036615588 0.652207017 -0.005102078
0.639440536 -0.122626066 0.758998454 -0.007390442 0.107486278 0.991761923 0.069677055 0.000632069 -0.761290133 0.037027594 0.647353470 -0.005825498
0.636172414 -0.120575331 0.762067020 -0.007498200 0.104555957 0.992074668 0.069684312 0.000785729 -0.764429629 0.035347410 0.643737316 -0.005711943
0.632593274 -0.121580943 0.764881492 -0.007555772 0.103563204 0.992011070 0.072032392 0.000101174 -0.767528892 0.033646371 0.640130877 -0.005790842
0.631123483 -0.119897127 0.766360104 -0.007189341 0.102312565 0.992217124 0.070974603 0.000319421 -0.768905282 0.033614542 0.638478339 -0.005875651
