1.000000000 0.000000000 0.000000000 0.000000000 0.000000000 1.000000000 0.000000000 0.000000000 0.000000000 0.000000000 1.000000000 0.000000000
0.999989688 0.000855884 0.004459397 -0.000022251 -0.000852239 0.999999285 -0.000819384 0.000063813 -0.004460095 0.000815575 0.999989748 0.000131582
0.999958158 0.001817737 0.008964376 0.000007028 -0.001811808 0.999998152 -0.000669571 0.000052622 -0.008965576 0.000653302 0.999959588 0.000138153
0.999907136 0.002178018 0.013450760 0.000026259 -0.002176607 0.999997616 -0.000119557 0.000047298 -0.013450989 0.000090269 0.999909520 0.000061067
0.999760509 0.001368709 0.021841474 -0.000002021 -0.001322530 0.999996841 -0.002128577 0.000083767 -0.021844320 0.002099181 0.999759197 -0.000194634
0.999671161 -0.000103608 0.025642250 0.000053606 0.000171100 0.999996543 -0.002629865 0.000000930 -0.025641888 0.002633388 0.999667704 0.000298595
0.999381959 -0.000060216 0.035152860 0.000042171 0.000184749 0.999993742 -0.003539378 -0.000104055 -0.035152428 0.003543684 0.999375701 0.000367461
0.999199927 -0.001397305 0.039969649 0.000063359 0.001566131 0.999989986 -0.004192847 -0.000004473 -0.039963391 0.004252090 0.999192119 0.000354297
0.998926520 -0.003318685 0.046203591 0.000059683 0.003510023 0.999985576 -0.004060667 0.000055389 -0.046189450 0.004218484 0.998923779 0.000599253
0.998362720 -0.005329480 0.056951087 0.000095225 0.005652063 0.999968886 -0.005504637 -0.000011092 -0.056919977 0.005817516 0.998361766 0.000515077
0.997969329 -0.004531065 0.063535325 -0.000055103 0.005044483 0.999955893 -0.007922729 0.000288049 -0.063496627 0.008227143 0.997948170 0.000234514
0.997070372 -0.007864468 0.076084696 -0.000142185 0.008536734 0.999927282 -0.008514561 0.000188889 -0.076012202 0.009139131 0.997065008 0.000170875
0.995903194 -0.012257497 0.089591227 -0.000177553 0.013244015 0.999857962 -0.010425146 0.000187153 -0.089450717 0.011568983 0.995924056 0.000418679
0.995303750 -0.017172670 0.095265411 0.000078002 0.018255165 0.999778211 -0.010502992 0.000097067 -0.095063917 0.012192753 0.995396495 0.000858798
0.994601548 -0.013517797 0.102883808 -0.000050872 0.014604281 0.999845207 -0.009814333 0.000114331 -0.102735206 0.011263895 0.994644940 0.000267620
0.993889391 -0.016592845 0.109126136 -0.000037276 0.017855978 0.999784291 -0.010607910 0.000165641 -0.108926579 0.012491643 0.993971288 -0.000008562
0.993075907 -0.018854218 0.115951583 -0.000428911 0.020292636 0.999730945 -0.011237299 0.000250496 -0.115708515 0.013512454 0.993191302 -0.001957694
0.991552889 -0.015742956 0.128744125 -0.000478751 0.017437439 0.999775410 -0.012045005 0.000175379 -0.128525585 0.014188228 0.991604686 -0.001047698
0.990742385 -0.021921035 0.133974016 -0.000291725 0.023608459 0.999660552 -0.011019352 0.000282766 -0.133686975 0.014080259 0.990923584 -0.000750689
0.988557220 -0.016139815 0.149980590 -0.000381629 0.018056393 0.999771655 -0.011425802 0.000414824 -0.149761945 0.014003167 0.988622904 -0.000974807
0.987243831 -0.023484714 0.157473937 -0.001010166 0.025449308 0.999621272 -0.010470639 0.000515323 -0.157168403 0.014344676 0.987467647 -0.002583278
0.986409783 -0.019685134 0.163120359 -0.000685861 0.021543676 0.999721527 -0.009632396 0.000192678 -0.162885323 0.013015701 0.986559153 -0.002629805
0.985714912 -0.014172111 0.167825133 -0.000161188 0.015967833 0.999828756 -0.009355254 0.000301668 -0.167663813 0.011901418 0.985772371 -0.001648446
0.983624935 -0.014548368 0.179639608 -0.000312351 0.016268423 0.999834836 -0.008105461 0.000092987 -0.179492012 0.010895186 0.983699083 -0.001764767
0.982561409 -0.018692395 0.184996501 -0.000531109 0.020521397 0.999757588 -0.007976740 0.000464291 -0.184802562 0.011634024 0.982706785 -0.003361964
0.980190396 -0.011077786 0.197747588 -0.001322936 0.012686310 0.999895930 -0.006869193 0.000188602 -0.197650909 0.009241804 0.980228901 -0.005416302
0.979413152 -0.009564756 0.201639235 -0.001113632 0.011112493 0.999916852 -0.006545158 0.000114610 -0.201559886 0.008651130 0.979437947 -0.004941567
0.977660418 -0.008945002 0.210000336 -0.001237366 0.010364520 0.999930322 -0.005660000 0.000074950 -0.209935069 0.007710110 0.977684975 -0.005189484
0.976457536 -0.011043624 0.215426758 -0.001166470 0.012667402 0.999900818 -0.006158249 0.000171180 -0.215337396 0.008742165 0.976500511 -0.005357723
0.975729465 -0.012145528 0.218642145 -0.001284725 0.013592781 0.999894500 -0.005116265 0.000034813 -0.218556970 0.007964047 0.975791693 -0.005368426
0.975108147 -0.015096249 0.221215248 -0.001129458 0.016718624 0.999845266 -0.005463240 0.000117599 -0.221098602 0.009025666 0.975209653 -0.005092287
0.973764956 -0.023105592 0.226379752 -0.001147745 0.024667934 0.999687433 -0.004074574 0.000158180 -0.226214841 0.009552000 0.974030614 -0.005173585
0.972542524 -0.029328855 0.230869472 -0.001270268 0.030448196 0.999535501 -0.001286181 0.000238689 -0.230724543 0.008280428 0.972983778 -0.005667419
0.971927643 -0.032495495 0.233024716 -0.001369273 0.033591606 0.999435365 -0.000735829 0.000288029 -0.232869238 0.008542848 0.972470522 -0.006091398
0.971296132 -0.036272775 0.235091805 -0.001308797 0.037145488 0.999309480 0.000716568 0.000209872 -0.234955519 0.008036602 0.971972883 -0.005663812
0.969576716 -0.044381648 0.240730613 -0.001338468 0.045138348 0.998977900 0.002372761 0.000161279 -0.240589902 0.008565609 0.970589101 -0.005858410
0.966991484 -0.054899886 0.248823881 -0.001436518 0.055654489 0.998441994 0.004006581 0.000178684 -0.248656213 0.009973839 0.968540490 -0.006410249
0.965618968 -0.058653723 0.253258079 -0.001325768 0.059254184 0.998229086 0.005262958 0.000157543 -0.253118277 0.009924590 0.967384458 -0.006063684
0.964216590 -0.061360329 0.257917285 -0.001299261 0.062169198 0.998053014 0.005026003 0.000219941 -0.257723480 0.011188354 0.966153920 -0.006393902
0.962757528 -0.064526349 0.262553126 -0.001423772 0.065147467 0.997855544 0.006348221 0.000044460 -0.262399733 0.010992879 0.964896619 -0.006242834
0.959959328 -0.069452427 0.271393597 -0.001588813 0.069946758 0.997519732 0.007863577 0.000212394 -0.271266639 0.011434393 0.962436259 -0.006928565
0.958389401 -0.075378425 0.275332034 -0.001445509 0.075911738 0.997076273 0.008735014 0.000391795 -0.275185496 0.012529390 0.961309493 -0.006415780
0.956800461 -0.078977965 0.279812992 -0.001496685 0.079081610 0.996808112 0.010937836 0.000287685 -0.279783726 0.011662737 0.959992230 -0.007342369
0.953353345 -0.090218872 0.288058847 -0.001271893 0.089663289 0.995856881 0.015150690 0.000030054 -0.288232297 0.011384351 0.957492769 -0.007024666
0.951555610 -0.093673967 0.292860210 -0.001509766 0.092787325 0.995541632 0.016950214 -0.000107137 -0.293142349 0.011044646 0.956004977 -0.007379774
0.950340152 -0.097117454 0.295671850 -0.001435993 0.095950656 0.995214403 0.018489867 -0.000054877 -0.296052545 0.010798243 0.955110669 -0.007355349
0.947891116 -0.104078785 0.301114708 -0.001711797 0.102462418 0.994510889 0.021202132 -0.000189649 -0.301668584 0.010755633 0.953352153 -0.007993644
0.946530402 -0.107484870 0.304182768 -0.001787533 0.106066041 0.994132280 0.021235440 0.000002448 -0.304680407 0.012163468 0.952377021 -0.008075469
0.945379436 -0.110126153 0.306805998 -0.001709183 0.108120926 0.993858039 0.023579974 -0.000117600 -0.307518393 0.010880121 0.951479971 -0.007942085
0.943747461 -0.113930762 0.310420066 -0.001800976 0.111682683 0.993427634 0.025068428 -0.000096604 -0.311236024 0.011010282 0.950268924 -0.008372799
0.942254782 -0.118019797 0.313412219 -0.001685975 0.115540639 0.992948055 0.026542734 -0.000092671 -0.314334601 0.011201825 0.949246168 -0.008598216
0.940251350 -0.122464530 0.317694336 -0.001956553 0.119939364 0.992398262 0.027574979 0.000008483 -0.318656266 0.012176648 0.947792172 -0.008507772
0.938115597 -0.128671110 0.321531922 -0.001593385 0.125725776 0.991611302 0.030001365 -0.000177638 -0.322694987 0.012280100 0.946423352 -0.007714299
0.936260343 -0.132956356 0.325175673 -0.001629742 0.130029812 0.991030931 0.030820590 -0.000064388 -0.326356947 0.013426438 0.945151269 -0.008211111
0.930974364 -0.141010135 0.336753279 -0.002148449 0.137309715 0.989912808 0.034909561 -0.000452664 -0.338278949 0.013739591 0.940945566 -0.008865314
0.928842723 -0.142362326 0.342029512 -0.002221552 0.138235644 0.989724755 0.036547706 -0.000494009 -0.343718082 0.013333594 0.938978255 -0.009465872
0.926687181 -0.139481291 0.348992497 -0.002333450 0.135017768 0.990144134 0.037213758 -0.000391476 -0.350743443 0.012634673 0.936386347 -0.009740804
0.924318254 -0.137055859 0.356162310 -0.002669770 0.132999793 0.990462780 0.035979629 -0.000117669 -0.357696682 0.014112897 0.933731139 -0.009751026
0.922037363 -0.137195662 0.361972988 -0.002120742 0.132971123 0.990440667 0.036687292 -0.000093779 -0.363546103 0.014304904 0.931466341 -0.009325495
0.919622540 -0.135624394 0.368646652 -0.002191956 0.130583704 0.990681112 0.038716659 -0.000280376 -0.370462120 0.012534531 0.928762972 -0.009448202
0.917504132 -0.131156400 0.375478595 -0.001651919 0.125877768 0.991291702 0.038673066 -0.000175484 -0.377281010 0.011781694 0.926023901 -0.007665870
0.915397584 -0.127233893 0.381914616 -0.001438225 0.122071758 0.991800249 0.037826270 0.000052908 -0.383595735 0.011994916 0.923423231 -0.007150568
0.910842657 -0.116281271 0.396035880 -0.001596867 0.110812500 0.993161738 0.036747601 -0.000129321 -0.397600681 0.010414447 0.917499423 -0.007549242
0.908063829 -0.112134747 0.403541595 -0.001789486 0.106328137 0.993648112 0.036848173 -0.000144757 -0.405110240 0.009447320 0.914219022 -0.007768490
0.906183958 -0.106524393 0.409247220 -0.001467294 0.101016290 0.994264603 0.035123259 -0.000037699 -0.410641432 0.009512502 0.911747217 -0.007388003
0.903897643 -0.103710264 0.414985895 -0.001564917 0.098139979 0.994564295 0.034791637 -0.000057097 -0.416338384 0.009278622 0.909162343 -0.007660406
0.902731478 -0.101297088 0.418108582 -0.001382206 0.095434055 0.994821310 0.034969822 -0.000036422 -0.419485629 0.008333430 0.907723725 -0.007400467
0.900984347 -0.101037309 0.421922654 -0.001459124 0.095164567 0.994845510 0.035017684 -0.000116402 -0.423285872 0.008601690 0.905955374 -0.007390429
0.900016427 -0.099930868 0.424245536 -0.001424919 0.093226895 0.994972348 0.036589064 -0.000097821 -0.425768912 0.006620321 0.904807746 -0.007304121
0.898527741 -0.100126810 0.427343577 -0.001510566 0.092607833 0.994961798 0.038403880 -0.000173743 -0.429035753 0.005068403 0.903273284 -0.007739638
0.896686077 -0.104229227 0.430221230 -0.001481465 0.096809871 0.994531870 0.039168734 -0.000187256 -0.431951225 0.006527597 0.901873350 -0.007483728
0.893758297 -0.109963559 0.434861213 -0.001526078 0.101717100 0.993914783 0.042275358 -0.000039422 -0.436863661 0.006448868 0.899504542 -0.007815744
0.891820967 -0.112252578 0.438240439 -0.001710694 0.103377208 0.993662000 0.044147369 -0.000042480 -0.440418541 0.005932515 0.897772968 -0.007734176
0.888062835 -0.122568481 0.443081945 -0.001534173 0.112471722 0.992440581 0.049110610 -0.000233638 -0.445751846 0.006220871 0.895134926 -0.007624303
0.886231601 -0.124478973 0.446204484 -0.001793677 0.113767706 0.992205858 0.050838195 -0.000334069 -0.449054956 0.005709237 0.893485844 -0.007676645
0.884862781 -0.127600670 0.448035806 -0.001559776 0.116966322 0.991801858 0.051459003 -0.000134187 -0.450928867 0.006870936 0.892533422 -0.007440869
0.883152604 -0.129408613 0.450882316 -0.001537613 0.118810594 0.991560936 0.051873080 -0.000056350 -0.453790069 0.007757748 0.891074836 -0.007553058
0.880938113 -0.134878680 0.453603208 -0.001385410 0.124178253 0.990819097 0.053454302 0.000002469 -0.456648529 0.009237712 0.889599204 -0.007241194
0.879154086 -0.133409053 0.457482487 -0.001603386 0.122434005 0.991022110 0.053713530 -0.000089425 -0.460541070 0.008788927 0.887594938 -0.007701051
0.877331972 -0.136173144 0.460158169 -0.001360602 0.125324100 0.990633488 0.054213613 0.000002798 -0.463230491 0.010105563 0.886180222 -0.007576169
0.875869572 -0.137003586 0.462690651 -0.000994350 0.125517994 0.990526974 0.055692390 -0.000036681 -0.465937555 0.009296738 0.884768724 -0.007085760
0.873153329 -0.138824999 0.467258960 -0.001852893 0.127304211 0.990263283 0.056322530 -0.000154488 -0.470528364 0.010305827 0.882324696 -0.007981938
0.871299803 -0.140860304 0.470100939 -0.001386675 0.129035950 0.989972889 0.057474650 0.000023092 -0.473483056 0.010582262 0.880739391 -0.007266861
0.869521618 -0.142157197 0.472994387 -0.001501926 0.129868016 0.989790022 0.058738030 -0.000110282 -0.476515085 0.010352840 0.879105330 -0.007391063
0.866941154 -0.143794537 0.477217168 -0.001623429 0.131282955 0.989547312 0.059672892 -0.000078226 -0.480809540 0.010917588 0.876757026 -0.007790663
0.864716291 -0.141714424 0.481853604 -0.001603995 0.127680317 0.989875913 0.061994947 -0.000274210 -0.485760808 0.007915169 0.874055922 -0.007515237
0.861361206 -0.147153243 0.486212850 -0.001498431 0.133236155 0.989060521 0.063303635 -0.000161189 -0.490209192 0.010253823 0.871544540 -0.007131107
0.858861446 -0.148132831 0.490320057 -0.001927294 0.133690894 0.988916099 0.064588442 -0.000300782 -0.494453013 0.010078801 0.869145930 -0.007838275
0.856305242 -0.149661705 0.494310468 -0.001865888 0.134331912 0.988693118 0.066639081 -0.000318862 -0.498694688 0.009338265 0.866727471 -0.007891160
0.854515195 -0.146961808 0.498202741 -0.001493046 0.131537437 0.989101171 0.066156581 -0.000050558 -0.502495348 0.009000493 0.864533007 -0.007472055
0.851183414 -0.148547292 0.503408790 -0.001264694 0.132112905 0.988870680 0.068417080 -0.000062003 -0.507969439 0.008271307 0.861335397 -0.006931436
0.848906696 -0.145013630 0.508260250 -0.001302842 0.127753079 0.989408731 0.068916127 0.000038814 -0.512870789 0.006428433 0.858441710 -0.006876214
0.846957147 -0.140963629 0.512633264 -0.001481099 0.122517101 0.990007937 0.069812842 -0.000265285 -0.517352045 0.003677874 0.855764747 -0.007301988
0.844813883 -0.138520449 0.516818643 -0.001447777 0.119702935 0.990355313 0.069768660 -0.000199507 -0.521498382 0.002923185 0.853247225 -0.007455645
0.841457009 -0.140657172 0.521695137 -0.001466670 0.121654242 0.990050435 0.070713557 -0.000236122 -0.526450813 0.003964006 0.850196302 -0.007397353
0.836468339 -0.137662664 0.530443013 -0.001423630 0.117566310 0.990476251 0.071659207 -0.000197424 -0.535255969 0.002421561 0.844686389 -0.007387274
0.834239066 -0.134267688 0.534805834 -0.001443424 0.114223167 0.990942717 0.070609115 -0.000122329 -0.539442420 0.002182331 0.842019558 -0.007436920
0.832255721 -0.133845106 0.537992358 -0.001416136 0.113508835 0.991000235 0.070952974 -0.000207187 -0.542647243 0.002015864 0.839958251 -0.007423844
0.830095291 -0.133431733 0.541422129 -0.001313345 0.112188503 0.991057694 0.072238356 -0.000168329 -0.546219468 0.000776614 0.837641656 -0.007419404
0.826266468 -0.131708786 0.547664583 -0.001726478 0.109626666 0.991288483 0.073001914 -0.000323946 -0.552508414 -0.000280401 0.833507180 -0.007871454
0.823541403 -0.131721571 0.551750839 -0.001470046 0.108632319 0.991285741 0.074509181 -0.000094153 -0.556757092 -0.001423426 0.830674112 -0.007824289
0.822259784 -0.133282706 0.553285122 -0.001425864 0.110489488 0.991078019 0.074541137 -0.000102881 -0.558283687 -0.000159985 0.829649985 -0.007583925
0.821266711 -0.133925378 0.554603577 -0.001441081 0.111059286 0.990991414 0.074845590 -0.000181588 -0.559631050 0.000125688 0.828741848 -0.007610276
0.820472419 -0.135431349 0.555412769 -0.001570330 0.112691917 0.990786254 0.075120568 -0.000140525 -0.560468912 0.000956182 0.828174770 -0.007771367
0.820218503 -0.133853272 0.556169808 -0.001674732 0.110310316 0.991000772 0.075822487 -0.000219232 -0.561313748 -0.000839762 0.827602565 -0.007930906
0.820609927 -0.134720430 0.555382669 -0.001611697 0.111193143 0.990883470 0.076066583 -0.000222858 -0.560567021 -0.000666256 0.828108668 -0.007882792
0.820532799 -0.132353753 0.556065142 -0.001709185 0.108543247 0.991200984 0.075757056 -0.000153537 -0.561199009 -0.001804039 0.827678919 -0.007988648
0.819682121 -0.135806963 0.556487024 -0.002047230 0.112102047 0.990735292 0.076660767 -0.000281007 -0.561742306 -0.000454129 0.827311993 -0.008379115
0.820014536 -0.134409979 0.556336403 -0.002001294 0.110528089 0.990925014 0.076492563 -0.000325047 -0.561569035 -0.001234202 0.827428937 -0.008553701
0.820740402 -0.131011143 0.556076705 -0.001748184 0.106642745 0.991375685 0.076168008 -0.000330467 -0.561259747 -0.003212621 0.827633500 -0.008394488
0.820578814 -0.132519186 0.555957854 -0.001841263 0.108856559 0.991179228 0.075590104 -0.000202856 -0.561070979 -0.001507976 0.827766240 -0.008211007
0.821730375 -0.129782349 0.554901540 -0.001957943 0.106308959 0.991540015 0.074476495 -0.000176283 -0.559872746 -0.002208594 0.828575611 -0.008602278
0.822496712 -0.135567650 0.552377164 -0.001396824 0.112727575 0.990768075 0.075307287 -0.000071454 -0.557486713 0.000328144 0.830185711 -0.007745488
0.825945675 -0.133130938 0.547804594 -0.001911466 0.109549440 0.991095245 0.075690411 -0.000246484 -0.553003192 -0.002504490 0.833175242 -0.008447205
0.828665257 -0.133723840 0.543536425 -0.001397508 0.109428957 0.991009295 0.076980300 -0.000117749 -0.548943758 -0.004312264 0.835848153 -0.007628752
0.831231654 -0.137393817 0.538680613 -0.001776426 0.112956002 0.990507245 0.078333907 -0.000184305 -0.544329643 -0.004266417 0.838860512 -0.008759867
0.837113917 -0.132744059 0.530678153 -0.001260093 0.107717820 0.991116941 0.077999845 0.000017680 -0.536318123 -0.008131269 0.843976676 -0.007901703
0.840311944 -0.136644751 0.524599016 -0.001440719 0.111375652 0.990583777 0.079618581 -0.000120064 -0.530538678 -0.008476887 0.847618341 -0.007862195
0.844427586 -0.137833431 0.517633080 -0.001676815 0.112031147 0.990401030 0.080961198 -0.000123124 -0.523823440 -0.010374836 0.851763606 -0.007835479
0.848965943 -0.139770299 0.509628415 -0.001582331 0.113305144 0.990104496 0.082795620 -0.000218811 -0.516157568 -0.012547145 0.856401622 -0.007956699
0.853440881 -0.140898645 0.501783013 -0.002077779 0.114104390 0.989920080 0.083894908 -0.000289850 -0.508545697 -0.014343712 0.860915482 -0.008942750
0.860188723 -0.136857986 0.491269082 -0.002019131 0.109404571 0.990412116 0.084347300 -0.000268045 -0.498102397 -0.018807510 0.866914153 -0.009328608
0.865159035 -0.140232190 0.481492311 -0.003031501 0.112710923 0.989917696 0.085786358 -0.000487394 -0.488667816 -0.019949391 0.872241795 -0.010087067
0.870984256 -0.138835683 0.471286654 -0.002635430 0.111318961 0.990062475 0.085932709 -0.000233288 -0.478533715 -0.022382904 0.877783835 -0.009385234
0.877179205 -0.142532870 0.458520591 -0.002759947 0.116307713 0.989560485 0.085104518 -0.000450517 -0.465864003 -0.021322418 0.884599388 -0.009471390
0.886514723 -0.139435351 0.441190898 -0.003851084 0.115876779 0.990032375 0.080053881 -0.000530977 -0.447955608 -0.019845175 0.893835425 -0.011075814
0.894580841 -0.147643179 0.421813428 -0.003737096 0.126464814 0.988905251 0.077930398 -0.000681730 -0.428639323 -0.016370479 0.903327346 -0.010410393
0.906471848 -0.143866494 0.397002786 -0.002939360 0.123594508 0.989392340 0.076335616 -0.000623946 -0.403773665 -0.020128723 0.914637446 -0.010018982
0.916669965 -0.142884403 0.373229325 -0.002846019 0.124901928 0.989548385 0.072066024 -0.000496900 -0.379625559 -0.019443706 0.924935937 -0.010225850
0.919299304 -0.143581420 0.366432995 -0.002466416 0.125934049 0.989439905 0.071756989 -0.000480446 -0.372866422 -0.019819770 0.927673340 -0.009597191
0.926059961 -0.141110420 0.350001037 -0.003072904 0.124953873 0.989798844 0.068445943 -0.000649681 -0.356089026 -0.019651067 0.934245408 -0.010305046
0.931346953 -0.134818196 0.338255614 -0.002530259 0.119935274 0.990676224 0.064625047 -0.000569811 -0.343814373 -0.019619562 0.938832700 -0.010408434
0.938811302 -0.127652645 0.319903076 -0.001783755 0.115502827 0.991684496 0.056753945 -0.000187996 -0.324487746 -0.016331539 0.945748925 -0.008841642
0.946179569 -0.125261948 0.298418432 -0.002510361 0.114551954 0.991992414 0.053187642 -0.000537476 -0.302691162 -0.016140653 0.952952027 -0.009721904
0.950531542 -0.128184825 0.282945931 -0.001831060 0.118975483 0.991659105 0.049570143 -0.000062135 -0.286940038 -0.013454355 0.957854092 -0.009067801
0.955395818 -0.135423779 0.262448609 -0.001836732 0.127025485 0.990698874 0.048788756 -0.000403709 -0.266614676 -0.013274909 0.963711798 -0.008496187
0.961630583 -0.133138031 0.239876688 -0.001381121 0.125924647 0.991008520 0.045222886 0.000018907 -0.243740767 -0.013281323 0.969749451 -0.008039866
0.964737415 -0.137121707 0.224676102 -0.001813578 0.129884094 0.990426183 0.046755821 0.000010692 -0.228936300 -0.015925230 0.973311126 -0.008122796
0.970185220 -0.138592094 0.198828548 -0.001511711 0.132189184 0.990193844 0.045189951 0.000011157 -0.203141809 -0.017559640 0.978991807 -0.006955124
0.973168015 -0.137669429 0.184366539 -0.001542544 0.131874278 0.990316093 0.043393988 0.000119948 -0.188555226 -0.017916437 0.981899142 -0.007178500
0.977343380 -0.133793131 0.164010361 -0.001349040 0.128464043 0.990793288 0.042728111 0.000177483 -0.168217108 -0.020690598 0.985532820 -0.006446945
0.980149984 -0.128166929 0.151258767 -0.001573842 0.123263173 0.991509974 0.041401777 0.000140263 -0.155280903 -0.021935312 0.987626791 -0.006621451
0.982056618 -0.122465052 0.143412322 -0.001612469 0.117931642 0.992226720 0.039728250 -0.000035896 -0.147162855 -0.022102533 0.988865256 -0.007273815
0.983859897 -0.116737008 0.135618001 -0.001554058 0.112722144 0.992939651 0.036941927 -0.000100201 -0.138972983 -0.021058524 0.990072191 -0.006041832
0.986002684 -0.110299319 0.125030756 -0.001078779 0.107037760 0.993722618 0.032531150 0.000488375 -0.127834052 -0.018692790 0.991619349 -0.005234807
0.987925887 -0.108330652 0.110755883 -0.001108445 0.105502188 0.993932486 0.031104438 0.000405609 -0.113453433 -0.019043887 0.993360758 -0.005430348
0.988625228 -0.106807202 0.105888829 -0.001153892 0.103991531 0.994070232 0.031780615 0.000325939 -0.108655348 -0.020407569 0.993869960 -0.004996980
0.990765691 -0.097274266 0.094451368 -0.001277519 0.094877891 0.995050251 0.029549677 0.000187629 -0.096858263 -0.020315453 0.995090783 -0.004725460
0.992150068 -0.091683313 0.085043207 -0.001170628 0.089754105 0.995618045 0.026245657 0.000121710 -0.087076828 -0.018406652 0.996031523 -0.004480527
0.993227422 -0.087578058 0.076349780 -0.000832764 0.086006217 0.996013999 0.023644244 0.000192050 -0.078116164 -0.016917557 0.996800721 -0.003911981
0.992943883 -0.093191907 0.073333487 -0.000589573 0.091777891 0.995526910 0.022428533 0.000221624 -0.075095609 -0.015539878 0.997055233 -0.003434060
0.992919922 -0.091987446 0.075156316 -0.001019233 0.090596035 0.995650709 0.021725014 0.000085412 -0.076827899 -0.014762333 0.996935010 -0.003822024
0.992557645 -0.093891941 0.077546582 -0.000693393 0.092801519 0.995529890 0.017555144 0.000287400 -0.078848228 -0.010228051 0.996834099 -0.002688500
0.991466761 -0.097275160 0.086782165 -0.000522735 0.096331410 0.995236158 0.015007148 0.000354861 -0.087828562 -0.006519242 0.996114254 -0.002308502
0.990511715 -0.100311428 0.093936801 -0.000624741 0.099540479 0.994950294 0.012868959 0.000441082 -0.094753332 -0.003396341 0.995494962 -0.002512875
0.989289343 -0.106300019 0.100035615 -0.000507618 0.105545819 0.994331837 0.012816884 0.000363656 -0.100831032 -0.002121264 0.994901299 -0.002525409
0.988448739 -0.109467290 0.104813665 -0.000591867 0.108683310 0.993988991 0.013179497 0.000470402 -0.105626360 -0.001635761 0.994404614 -0.002626562
0.988167822 -0.109091513 0.107812569 -0.000607954 0.108308628 0.994030893 0.013108329 0.000565452 -0.108599029 -0.001276197 0.994084895 -0.002953447
0.988017797 -0.109279625 0.108990036 -0.000614788 0.108453147 0.994009733 0.013500318 0.000338743 -0.109812483 -0.001518243 0.993951142 -0.002927693
0.987916529 -0.110236391 0.108944513 -0.000452333 0.109510697 0.993905187 0.012640372 0.000440863 -0.109673947 -0.000557043 0.993967414 -0.003030241
0.987900436 -0.109872729 0.109455891 -0.000576791 0.109131999 0.993945420 0.012753389 0.000476841 -0.110194415 -0.000653938 0.993909836 -0.002978198
0.987779558 -0.110999689 0.109410912 -0.000602249 0.110167682 0.993819416 0.013639085 0.000327015 -0.110248625 -0.001418862 0.993903041 -0.002453567
0.987798631 -0.110604838 0.109638155 -0.000596247 0.109770507 0.993863344 0.013635162 0.000364107 -0.110473469 -0.001433755 0.993878007 -0.002681177
0.987907946 -0.110187583 0.109071970 -0.000485844 0.109350763 0.993909657 0.013642488 0.000400087 -0.109910913 -0.001550418 0.993940175 -0.002935348
0.987870097 -0.110506207 0.109092981 -0.000443469 0.109725036 0.993874788 0.013156558 0.000437013 -0.109878667 -0.001026737 0.993944466 -0.002717238
0.987803936 -0.111218035 0.108967766 -0.000422488 0.110459134 0.993795633 0.012995008 0.000442329 -0.109736964 -0.000800036 0.993960261 -0.002587144
0.987778187 -0.111099645 0.109322175 -0.000461849 0.110260554 0.993808091 0.013709711 0.000339865 -0.110168412 -0.001488231 0.993911862 -0.002740857
0.987909019 -0.109887913 0.109363265 -0.000541845 0.109099701 0.993943393 0.013183352 0.000435697 -0.110149585 -0.001092452 0.993914485 -0.003040364
0.987772167 -0.109010443 0.111458391 -0.000896494 0.108213775 0.994040132 0.013190662 0.000444125 -0.112232052 -0.000968036 0.993681550 -0.003465699
0.988010228 -0.106820643 0.111467764 -0.000495178 0.106111005 0.994278252 0.012296539 0.000440917 -0.112143472 -0.000321150 0.993691981 -0.002445642
0.988143682 -0.104755864 0.112242386 -0.000539679 0.104154199 0.994497776 0.011227081 0.000486864 -0.112800911 0.000596548 0.993617415 -0.002549800
0.988380790 -0.101560585 0.113087587 -0.000588763 0.100953467 0.994829237 0.011097399 0.000457310 -0.113629907 0.000448127 0.993522942 -0.002605573
0.987906992 -0.105371870 0.113739014 -0.000679733 0.105463512 0.994409382 0.005228227 0.000406391 -0.113654062 0.006830315 0.993496895 -0.003138570
0.987912178 -0.104547806 0.114452630 -0.000829072 0.104573406 0.994500220 0.005796899 0.000313173 -0.114429228 0.006241877 0.993411779 -0.003366744
0.988368034 -0.101863824 0.112926699 -0.000541141 0.101982057 0.994774878 0.004744565 0.000468024 -0.112819947 0.006827121 0.993592024 -0.002939777
0.987941086 -0.105502605 0.113320425 -0.000753797 0.105507307 0.994400561 0.005972762 0.000180138 -0.113316037 0.006055396 0.993540525 -0.003158879
0.987572610 -0.108634792 0.113573782 -0.000830041 0.108918279 0.994043708 0.003724727 0.000381095 -0.113301948 0.008691823 0.993522584 -0.003098501
0.987127364 -0.113383435 0.112799972 -0.000628478 0.113998309 0.993480384 0.001005002 0.000287718 -0.112178534 0.011866942 0.993617177 -0.002752355
0.986364841 -0.120575905 0.112008616 -0.000653082 0.121703625 0.992561162 -0.003260723 0.000232311 -0.110782236 0.016848121 0.993701935 -0.003103577
0.985854626 -0.124715656 0.111967437 -0.000807316 0.126417875 0.991943061 -0.008205973 0.000577988 -0.110041916 0.022244582 0.993677974 -0.003528177
0.985028386 -0.130390242 0.112771153 -0.000794054 0.132954195 0.991001070 -0.015489665 0.000300137 -0.109736621 0.030251160 0.993500233 -0.003685451
0.984302998 -0.134698838 0.114034414 -0.000877823 0.137709826 0.990292013 -0.018915765 0.000456660 -0.110379435 0.034322519 0.993296683 -0.003679559
0.983986795 -0.136003122 0.115210012 -0.000982449 0.139356732 0.990008056 -0.021534584 0.000373674 -0.111130066 0.037245039 0.993107617 -0.003635143
0.983215630 -0.139810830 0.117218018 -0.000787030 0.143694565 0.989298105 -0.025321668 0.000244316 -0.112423316 0.041740257 0.992783368 -0.003961809
0.982910335 -0.139139026 0.120530635 -0.001034321 0.143625498 0.989197373 -0.029328993 0.000568106 -0.115147784 0.046139043 0.992276192 -0.004706278
0.983512163 -0.132256448 0.123336881 -0.001131566 0.136965916 0.990106583 -0.030482985 0.000242158 -0.118085086 0.046873335 0.991896570 -0.004293863
0.984975278 -0.119553760 0.124622479 -0.000962823 0.124894619 0.991519094 -0.035934649 0.000444557 -0.119269460 0.050959412 0.991553307 -0.004531041
0.985285819 -0.115220889 0.126237929 -0.001110967 0.120880514 0.991935432 -0.038104068 0.000366571 -0.120829470 0.052803099 0.991267860 -0.004471624
0.986145377 -0.102297954 0.130584925 -0.001292044 0.108802393 0.993103743 -0.043668903 0.000191408 -0.125217140 0.057271842 0.990474999 -0.004851877
0.986763060 -0.092218988 0.133395627 -0.001105925 0.099525377 0.993819416 -0.049169127 0.000254491 -0.128036857 0.061794531 0.989842296 -0.004674531
0.987203121 -0.085608318 0.134541258 -0.001011293 0.093393363 0.994236350 -0.052647877 0.000304771 -0.129258707 0.064539395 0.989508390 -0.004041536
0.987393856 -0.081672028 0.135584518 -0.001192368 0.090012215 0.994333446 -0.056557059 0.000490828 -0.130197093 0.068048351 0.989150226 -0.004417597
0.987375200 -0.079492167 0.137007475 -0.001462954 0.088481352 0.994219780 -0.060811430 0.000350901 -0.131381512 0.072166301 0.988701642 -0.006148634
0.987330556 -0.079153493 0.137524486 -0.001552520 0.088524282 0.994053841 -0.063406192 0.000252603 -0.131687924 0.074777134 0.988466799 -0.006168484
0.987449050 -0.078230731 0.137202069 -0.001351675 0.088080145 0.993841231 -0.067241944 0.000408383 -0.131096706 0.078482777 0.988258064 -0.005978380
0.987530053 -0.077725530 0.136905700 -0.001325055 0.088451579 0.993321836 -0.074080974 0.000367630 -0.130233407 0.085266709 0.987810135 -0.006259661
0.987855256 -0.075051129 0.136049494 -0.001608110 0.086625732 0.992922306 -0.081247881 -0.000045722 -0.128988802 0.092046529 0.987364888 -0.007108422
0.988086879 -0.075606726 0.134044975 -0.001577688 0.088436902 0.991778135 -0.092493035 0.000133530 -0.125949770 0.103245661 0.986649454 -0.006990904
0.988553047 -0.071771100 0.132709563 -0.001648430 0.085886434 0.990873516 -0.103890106 0.000408810 -0.124042064 0.114098832 0.985695243 -0.007194497
0.988697886 -0.070253454 0.132442400 -0.001994015 0.084946685 0.990431070 -0.108767331 0.000262152 -0.123533778 0.118788570 0.985204935 -0.008253478
0.988849699 -0.070369065 0.131242543 -0.002134094 0.086381741 0.988935471 -0.120601915 0.000168669 -0.121303722 0.130594105 0.983987093 -0.008516824
0.988967001 -0.068766415 0.131208077 -0.002763583 0.086131960 0.987549245 -0.131633937 -0.000033043 -0.120522447 0.141482830 0.982576728 -0.010016710
0.989379644 -0.067048207 0.128967032 -0.002255460 0.085136250 0.986443281 -0.140290320 0.000254934 -0.117812425 0.149780154 0.981675208 -0.009133360
0.989446461 -0.067756161 0.128081322 -0.002573619 0.087149285 0.984460950 -0.152452111 0.000232375 -0.115761437 0.162005395 0.979976296 -0.010286242
0.989597201 -0.067377031 0.127113387 -0.002388706 0.087767825 0.982824504 -0.162335351 -0.000046452 -0.113992475 0.171803057 0.978513896 -0.010206787
0.989724219 -0.064492539 0.127619386 -0.002473313 0.085790515 0.981849194 -0.169151485 0.000273853 -0.114393964 0.178361863 0.977292717 -0.010233753
0.989738405 -0.066228777 0.126616329 -0.002187156 0.087755799 0.981035352 -0.172825411 0.000123641 -0.112769082 0.182163253 0.976780295 -0.010645645
0.989413679 -0.067069538 0.128695369 -0.002799341 0.090434544 0.978509307 -0.185313597 0.000569883 -0.113500729 0.194990307 0.974215806 -0.011893452
0.989449799 -0.066929817 0.128489614 -0.002574282 0.090936542 0.977333903 -0.191177726 0.000355731 -0.112781748 0.200845167 0.973109245 -0.011344013
0.989387751 -0.066010714 0.129438877 -0.002835528 0.091264203 0.975514829 -0.200104117 0.000102279 -0.113060549 0.209793717 0.971186817 -0.011601276
0.989461780 -0.064231090 0.129767299 -0.002924662 0.090276375 0.974365115 -0.206065044 0.000087684 -0.113204978 0.215608433 0.969895661 -0.011750625
0.989749730 -0.060459059 0.129383996 -0.003130952 0.087641798 0.972446442 -0.216025501 0.000272124 -0.112758316 0.225150615 0.967777193 -0.012126874
0.989944100 -0.058961600 0.128585741 -0.002919015 0.086718149 0.971108139 -0.222326547 0.000086165 -0.111761943 0.231241554 0.966455698 -0.012010437
0.989926875 -0.056438662 0.129843771 -0.002980573 0.085692510 0.968892276 -0.232173949 0.000050088 -0.112701036 0.240961865 0.963968873 -0.012067043
0.990151107 -0.052304979 0.129865140 -0.002973158 0.082126915 0.968226016 -0.236206472 0.000167867 -0.113384038 0.244545534 0.962985754 -0.012539678
0.990697265 -0.043436050 0.128965765 -0.003121585 0.074146524 0.966959596 -0.243908465 0.000527283 -0.114110284 0.251201838 0.961184978 -0.012808086
0.990931511 -0.040148530 0.128229335 -0.003134851 0.071099967 0.966440678 -0.246854708 0.000390608 -0.114015207 0.253733218 0.960531175 -0.013163283
0.991093576 -0.038283188 0.127545163 -0.003210446 0.069414310 0.965891540 -0.249469846 0.000290247 -0.113644309 0.256101429 0.959946334 -0.012886972
0.991432905 -0.032644723 0.126471534 -0.003187410 0.063886292 0.965735793 -0.251541078 0.000407627 -0.113926604 0.257465959 0.959547877 -0.013326142
0.991908371 -0.026680350 0.124119729 -0.003437113 0.057955921 0.965011656 -0.255721807 0.000297329 -0.112954251 0.260846108 0.958749533 -0.014193218
0.992367148 -0.022415610 0.121263631 -0.003128537 0.053525351 0.964178205 -0.259798884 0.000830822 -0.111096218 0.264306575 0.958018601 -0.013990962
0.992563248 -0.020041199 0.120068818 -0.003451649 0.050990447 0.964100301 -0.260596514 0.000636518 -0.110535733 0.264780849 0.957952499 -0.014255852
0.992865264 -0.018872136 0.117738374 -0.002984589 0.049249511 0.964143813 -0.260770231 0.000285526 -0.108595446 0.264708310 0.958194435 -0.013518623
0.993078589 -0.012701487 0.116762437 -0.003326941 0.043017659 0.964389801 -0.260963559 0.000517299 -0.109289870 0.264180243 0.958261192 -0.014421114
0.992990911 -0.012295067 0.117549293 -0.003262928 0.042844485 0.964371979 -0.261057854 0.000289137 -0.110151514 0.264264435 0.958139300 -0.013320673
0.992959917 -0.012372375 0.117802948 -0.003302912 0.042892445 0.964592814 -0.260232627 0.000352213 -0.110412180 0.263453394 0.958332717 -0.013606637
0.992984474 -0.010573613 0.117771119 -0.003359555 0.041182466 0.964560091 -0.260629684 0.000474916 -0.110841535 0.263651311 0.958228707 -0.013632081
0.993106425 -0.006747358 0.117020726 -0.003211588 0.037157323 0.964974582 -0.259698868 0.000328380 -0.111169755 0.262256831 0.958573282 -0.013821645
0.993282020 -0.010351563 0.115254313 -0.003395390 0.040500257 0.964095831 -0.262448132 0.000502368 -0.108399473 0.265352845 0.958038390 -0.014420478
0.993429184 -0.012882152 0.113720089 -0.003571551 0.042847384 0.963244259 -0.265187860 0.000592600 -0.106124043 0.268318027 0.957467079 -0.015163977
0.993559003 -0.020857565 0.111379050 -0.003651052 0.050242148 0.962103426 -0.268016428 0.000534953 -0.101567999 0.271886081 0.956954598 -0.014679702
0.993671715 -0.026710525 0.109100848 -0.003618180 0.055919897 0.960025072 -0.274271488 0.000732253 -0.097413629 0.278636724 0.955443442 -0.013972959
0.993582904 -0.033591598 0.108002968 -0.003554594 0.062455188 0.959047318 -0.276274443 0.000555740 -0.094299458 0.281246960 0.954991043 -0.013821189
0.993330896 -0.039981797 0.108144455 -0.003729625 0.069088764 0.957314670 -0.280669302 0.000871356 -0.092306629 0.286269069 0.953692615 -0.014401265
0.993146002 -0.043705247 0.108401746 -0.003506765 0.072895035 0.956592202 -0.282166153 0.000676152 -0.091364145 0.288134098 0.953221560 -0.014200169
0.993052721 -0.043451004 0.109353140 -0.003511312 0.072966427 0.956467152 -0.282571256 0.000736055 -0.092314690 0.288587272 0.952992916 -0.013756613
0.992800891 -0.047318049 0.110033408 -0.003542317 0.076757774 0.956572890 -0.281205654 0.000465215 -0.091948882 0.287627101 0.953318536 -0.014193991
0.992938817 -0.045697358 0.109471723 -0.003712979 0.074908800 0.957097113 -0.279917568 0.000503220 -0.091983579 0.286141396 0.953762174 -0.014966628
0.992949128 -0.046239603 0.109150663 -0.003882424 0.075442962 0.956736326 -0.281005263 0.000463401 -0.091434844 0.287258595 0.953478992 -0.014720825
0.992893338 -0.049238287 0.108343855 -0.003420704 0.078273870 0.955957115 -0.282876432 0.000914545 -0.089643747 0.289346635 0.953017592 -0.014456035
0.992859185 -0.048428375 0.109019779 -0.003278141 0.077562802 0.956415296 -0.281520367 0.000580023 -0.090634622 0.287965953 0.953342080 -0.014296502
0.992948890 -0.047281660 0.108705416 -0.003246613 0.076474607 0.956168294 -0.282655120 0.001046769 -0.090576269 0.288975328 0.953042150 -0.014627934
0.992839992 -0.047092784 0.109776363 -0.003896026 0.076565854 0.956282556 -0.282243192 0.000850544 -0.091685638 0.288627476 0.953041434 -0.014947214
0.992925763 -0.046801247 0.109123975 -0.003763122 0.076118410 0.956245482 -0.282490134 0.000851634 -0.091128431 0.288798034 0.953043222 -0.014610358
0.992927730 -0.047305554 0.108888373 -0.003477752 0.076465011 0.956435621 -0.281751871 0.000585007 -0.090816304 0.288085401 0.953288734 -0.013896929
0.992874622 -0.047073130 0.109471053 -0.003502670 0.076370023 0.956568062 -0.281327277 0.000477883 -0.091473587 0.287683070 0.953347385 -0.014371269
0.992962062 -0.046473745 0.108932801 -0.003492268 0.075646766 0.956592739 -0.281438768 0.000680682 -0.091124818 0.287698478 0.953376055 -0.014738557
0.992927670 -0.044274300 0.110155955 -0.003620703 0.074324638 0.955351293 -0.285971582 0.000663949 -0.092576474 0.292136401 0.951885521 -0.014186575
0.993096828 -0.039237313 0.110539928 -0.003542374 0.070100829 0.954115927 -0.291116029 0.000525914 -0.094045326 0.296855390 0.950280130 -0.013778880
0.992918253 -0.042429693 0.110964566 -0.003460792 0.073737197 0.952457964 -0.295612395 0.000538930 -0.093146354 0.301701158 0.948841572 -0.013594932
0.992923379 -0.043952767 0.110323697 -0.003260559 0.075143933 0.951894641 -0.297068983 0.000438329 -0.091959551 0.303256840 0.948461294 -0.013124461
0.992793798 -0.046981640 0.110241041 -0.003448830 0.077879041 0.952139080 -0.295577496 0.001342222 -0.091078095 0.302032977 0.948936760 -0.015300459
0.992647290 -0.048003059 0.111117773 -0.003889533 0.078890301 0.952811122 -0.293133825 0.001297416 -0.091802940 0.299744576 0.949592292 -0.016150493
0.992661893 -0.048570737 0.110739857 -0.003773657 0.079386577 0.952558517 -0.293819726 0.001326632 -0.091215163 0.300454885 0.949424446 -0.015978994
0.992704928 -0.049813528 0.109797187 -0.003338379 0.080234192 0.952678323 -0.293200850 0.000689066 -0.089996032 0.299871445 0.949725151 -0.014591514
0.992520392 -0.051205251 0.110821187 -0.003478646 0.081833534 0.952692866 -0.292711020 0.000356816 -0.090590209 0.299590558 0.949757338 -0.013865036
0.992598534 -0.048166431 0.111480676 -0.003826955 0.079167403 0.952755272 -0.293240249 0.000802710 -0.092089467 0.299895525 0.949516833 -0.014449816
0.992713571 -0.045144305 0.111721322 -0.003898588 0.076406434 0.952770174 -0.293923765 0.001168552 -0.093175769 0.300318360 0.949277163 -0.014809608
0.992636561 -0.048101302 0.111171022 -0.003679881 0.079296216 0.951831043 -0.296192229 0.001951739 -0.091568813 0.302826673 0.948636532 -0.016095849
0.992574930 -0.052548680 0.109697580 -0.003657348 0.083366171 0.950622916 -0.298941761 0.001151766 -0.088572048 0.305867165 0.947945356 -0.015618080
0.992927790 -0.046776701 0.109116241 -0.003743414 0.078398265 0.948548675 -0.306772232 0.001696771 -0.089152284 0.313157201 0.945507526 -0.015580626
0.992755592 -0.051653139 0.108480528 -0.003565744 0.083497748 0.945819318 -0.313773632 0.000757095 -0.086395599 0.320558459 0.943280518 -0.014533276
0.993238926 -0.047923304 0.105734311 -0.003162248 0.079881698 0.943034291 -0.322963268 0.000983702 -0.084233612 0.329225928 0.940486550 -0.014022046
0.993292451 -0.051564164 0.103495382 -0.003231616 0.083268613 0.940009892 -0.330828816 0.001010873 -0.080227770 0.337227672 0.937998354 -0.014145913
0.993690789 -0.049395531 0.100691006 -0.003125560 0.080896281 0.937506258 -0.338434219 0.000969884 -0.077681318 0.344444513 0.935587227 -0.013850548
0.993968785 -0.043544896 0.100647204 -0.003131564 0.076105334 0.934696615 -0.347203672 0.000768380 -0.078955658 0.352769375 0.932373166 -0.013933568
0.994172156 -0.034901183 0.101998389 -0.003082237 0.069105402 0.932503462 -0.354487985 0.000432232 -0.082741790 0.359470695 0.929480791 -0.013217937
0.994333386 -0.029909858 0.102011979 -0.003104453 0.064755559 0.931439102 -0.358089417 0.000579046 -0.084307529 0.362666130 0.928097785 -0.013270036
