1.000000000 0.000000000 0.000000000 0.000000000 0.000000000 1.000000000 0.000000000 0.000000000 0.000000000 0.000000000 1.000000000 0.000000000
1.000000000 0.000148413 0.000003288 -0.000015793 -0.000148412 0.999999940 -0.000375465 0.000018730 -0.000003344 0.000375465 0.999999940 -0.000124248
0.999999940 -0.000107273 0.000321126 0.000014449 0.000107382 0.999999940 -0.000337994 0.000067791 -0.000321090 0.000338029 0.999999881 -0.000086699
0.999999285 0.000014066 0.001212659 -0.000006919 -0.000013771 1.000000000 -0.000243396 0.000071013 -0.001212663 0.000243379 0.999999225 -0.000267732
0.999998033 -0.000727945 0.001840555 0.000022488 0.000728356 0.999999702 -0.000222963 0.000169317 -0.001840392 0.000224303 0.999998271 0.000215113
0.999997437 0.000635163 0.002161081 0.000108997 -0.000636375 0.999999642 0.000560254 0.000040453 -0.002160724 -0.000561627 0.999997497 0.000399669
0.999995410 0.000183179 0.003026359 -0.000115523 -0.000186878 0.999999225 0.001221794 -0.000028742 -0.003026133 -0.001222354 0.999994695 -0.000098037
0.999994338 0.001763134 0.002869510 -0.000003894 -0.001764680 0.999998271 0.000536456 0.000055875 -0.002868559 -0.000541517 0.999995768 0.000088602
0.999989212 0.002605302 0.003842531 -0.000083271 -0.002608104 0.999996364 0.000724572 0.000036583 -0.003840629 -0.000734586 0.999992371 -0.000152888
0.999983132 0.002608153 0.005185664 -0.000015680 -0.002614446 0.999995828 0.001207202 0.000110186 -0.005182494 -0.001220739 0.999985814 0.000175817
0.999971569 0.003888457 0.006456774 -0.000052988 -0.003903123 0.999989808 0.002260404 0.000015419 -0.006447919 -0.002285542 0.999976575 0.000126215
0.999957085 0.004476499 0.008112486 0.000113105 -0.004499279 0.999985993 0.002791997 0.000025724 -0.008099874 -0.002828378 0.999963224 0.000090894
0.999947846 0.003926644 0.009429123 -0.000049111 -0.003957284 0.999986947 0.003233092 -0.000053215 -0.009416305 -0.003270237 0.999950290 -0.000024544
0.999925137 0.005826164 0.010758996 -0.000021870 -0.005853966 0.999979615 0.002554432 -0.000000264 -0.010743894 -0.002617224 0.999938846 -0.000414436
0.999888480 0.007465377 0.012933213 -0.000153210 -0.007483166 0.999971092 0.001327648 0.000264907 -0.012922929 -0.001424281 0.999915481 -0.000344528
0.999883354 0.006146612 0.013980297 0.000075136 -0.006182410 0.999977708 0.002518834 -0.000053841 -0.013964503 -0.002604972 0.999899089 0.000123470
0.999843419 0.007078362 0.016219886 -0.000067978 -0.007108586 0.999973118 0.001806496 0.000032991 -0.016206663 -0.001921514 0.999866843 0.000393653
0.999772489 0.011769576 0.017788272 0.000064184 -0.011802141 0.999928832 0.001726788 0.000272624 -0.017766684 -0.001936335 0.999840260 0.000221484
0.999716461 0.011825163 0.020668689 -0.000181285 -0.011871171 0.999927342 0.002104701 0.000081238 -0.020642299 -0.002349466 0.999784172 -0.000166902
0.999668121 0.010400620 0.023569701 -0.000012067 -0.010438072 0.999944448 0.001466499 0.000157304 -0.023553139 -0.001712035 0.999721110 0.000183991
0.999582529 0.011610457 0.026457250 0.000177859 -0.011640755 0.999931753 0.000991491 0.000209812 -0.026443936 -0.001299059 0.999649465 0.001288215
0.999455035 0.014284479 0.029759487 0.000168056 -0.014329085 0.999896526 0.001286194 0.000171538 -0.029738035 -0.001711919 0.999556303 0.001172767
0.999402642 0.012089062 0.032375809 0.000178828 -0.012134721 0.999925613 0.001214095 0.000123350 -0.032358728 -0.001606241 0.999474943 0.000968301
0.999302804 0.011073623 0.035654966 -0.000035741 -0.011129313 0.999937117 0.001363800 0.000131682 -0.035637625 -0.001759665 0.999363184 0.000745523
0.999253750 0.012624400 0.036503658 0.000055165 -0.012707558 0.999917150 0.002046961 0.000029164 -0.036474794 -0.002509306 0.999331474 0.000780609
0.999204934 0.012504729 0.037858594 0.000092565 -0.012610903 0.999917209 0.002566957 0.000041735 -0.037823364 -0.003042347 0.999279737 0.000823377
0.999153376 0.011799418 0.039411727 -0.000004320 -0.011868278 0.999928415 0.001513686 0.000157452 -0.039391045 -0.001980154 0.999221921 0.000720624
0.999081612 0.009258958 0.041835971 0.000034029 -0.009331481 0.999955297 0.001538544 0.000192855 -0.041819863 -0.001927522 0.999123275 0.000845520
0.998992860 0.006979155 0.044323508 0.000039881 -0.007038506 0.999974549 0.001183113 0.000202757 -0.044314127 -0.001493893 0.999016583 0.000798379
0.998888373 0.003830676 0.046982892 0.000078290 -0.003865795 0.999992311 0.000656620 0.000195717 -0.046980023 -0.000837516 0.998895466 0.001108193
0.998789072 0.002779540 0.049119301 0.000156140 -0.002836644 0.999995410 0.001092897 0.000155355 -0.049116045 -0.001230908 0.998792291 0.001450133
0.998661876 0.000956708 0.051706765 -0.000011853 -0.001039138 0.999998212 0.001567270 0.000089513 -0.051705182 -0.001618903 0.998661160 0.000768306
0.998546183 0.000469236 0.053900994 0.000100502 -0.000557980 0.999998450 0.001631332 0.000130798 -0.053900149 -0.001659036 0.998544931 0.001231156
0.998396695 -0.000492654 0.056603648 0.000194826 0.000385580 0.999998093 0.001902534 0.000191658 -0.056604482 -0.001877659 0.998394966 0.001389737
0.998204648 -0.000957679 0.059888210 0.000116622 0.000763884 0.999994338 0.003258742 0.000021489 -0.059890993 -0.003207144 0.998199821 0.001095323
0.998004198 -0.001681408 0.063125938 0.000329755 0.001441251 0.999991536 0.003849735 0.000138701 -0.063131876 -0.003751071 0.997998059 0.001720117
0.997727990 -0.001208616 0.067359000 0.000060326 0.000857344 0.999985874 0.005243610 0.000099424 -0.067364387 -0.005173948 0.997715056 0.000803847
0.997523665 -0.002695347 0.070278741 -0.000113718 0.002296221 0.999980748 0.005759350 0.000084489 -0.070292920 -0.005583713 0.997510731 0.000663770
0.997256875 -0.001366577 0.074006282 -0.000042199 0.000908816 0.999980211 0.006218764 0.000178507 -0.074013315 -0.006134446 0.997238398 0.000905391
0.996998549 0.000185885 0.077420831 0.000135062 -0.000807169 0.999967694 0.007993540 0.000111521 -0.077416845 -0.008032041 0.996966422 0.000940183
0.996739030 -0.001388135 0.080681160 0.000137572 0.000685103 0.999961555 0.008740719 0.000230555 -0.080690190 -0.008656941 0.996701658 0.001185054
0.996392190 -0.002278147 0.084838524 0.000234547 0.001382670 0.999942720 0.010612337 0.000110544 -0.084857836 -0.010456746 0.996338248 0.001750491
0.996099353 0.001802568 0.088220462 0.000191298 -0.002834976 0.999928951 0.011578705 0.000209188 -0.088193312 -0.011783644 0.996033669 0.001286449
0.995707750 0.003929838 0.092469186 0.000021702 -0.005201485 0.999895096 0.013515128 0.000173972 -0.092406385 -0.013938095 0.995623827 0.001144729
0.995302439 0.004353780 0.096715830 0.000121999 -0.005826941 0.999871194 0.014954616 0.000157921 -0.096638270 -0.015447923 0.995199680 0.001479018
0.994945168 0.004111172 0.100335002 0.000235560 -0.005788504 0.999848247 0.016431909 0.000146426 -0.100252226 -0.016929638 0.994818032 0.001492911
0.994480252 0.001066892 0.104918152 0.000182847 -0.002936177 0.999839664 0.017663762 0.000160892 -0.104882494 -0.017874321 0.994323969 0.001854309
0.993988514 0.005739199 0.109334216 0.000188760 -0.007896007 0.999782443 0.019304013 0.000235542 -0.109199628 -0.020051271 0.993817627 0.001275493
0.993439257 0.004002309 0.114291295 -0.000031232 -0.006359302 0.999774396 0.020265531 0.000232978 -0.114184394 -0.020859385 0.993240535 0.001096454
0.992514312 0.007802351 0.121878780 0.000100038 -0.010677877 0.999679327 0.022958027 0.000196179 -0.121660575 -0.024087580 0.992279410 0.001369769
0.991970062 0.008475720 0.126188979 0.000087985 -0.011515290 0.999660373 0.023377465 0.000229131 -0.125947982 -0.024642844 0.991730690 0.001551225
0.991458535 0.009475517 0.130078003 0.000121267 -0.012742092 0.999623418 0.024303149 0.000205164 -0.129798740 -0.025753029 0.991205931 0.001325270
0.990838468 0.012436563 0.134477913 0.000013013 -0.015713573 0.999604166 0.023334481 0.000288599 -0.134134501 -0.025233833 0.990641713 0.001228601
0.990485072 0.009566860 0.137287542 0.000189890 -0.012965422 0.999630570 0.023882207 0.000115757 -0.137008369 -0.025434958 0.990243256 0.001520508
0.990038514 0.012937877 0.140200764 0.000256524 -0.016249992 0.999614596 0.022505062 0.000264557 -0.139855549 -0.024559140 0.989867270 0.001982358
0.989629209 0.012329387 0.143115371 0.000071885 -0.015618553 0.999638498 0.021881975 0.000245955 -0.142793849 -0.023890294 0.989464045 0.001313296
0.989110351 0.013498537 0.146555588 0.000173829 -0.017017400 0.999595463 0.022783222 0.000252189 -0.146188766 -0.025029112 0.988940001 0.001516499
0.988529980 0.016603187 0.150109723 0.000204552 -0.020180380 0.999546766 0.022338649 0.000257964 -0.149670795 -0.025111692 0.988416970 0.001530105
0.987329125 0.015196569 0.157956496 0.000300344 -0.018851934 0.999587417 0.021669030 0.000306086 -0.157562017 -0.024372252 0.987208247 0.002013605
0.986637115 0.014027897 0.162328199 0.000194584 -0.017659225 0.999624550 0.020949025 0.000276984 -0.161973402 -0.023535676 0.986514330 0.001858567
0.985972285 0.013922708 0.166327566 0.000228212 -0.017664773 0.999622583 0.021039961 0.000251383 -0.165971860 -0.023682958 0.985846102 0.001924334
0.985132933 0.013135530 0.171290532 0.000379262 -0.016796151 0.999660015 0.019939087 0.000295560 -0.170970380 -0.022519674 0.985018790 0.002302649
0.984303474 0.012657729 0.176029652 0.000371560 -0.016427742 0.999665499 0.019976133 0.000282059 -0.175717890 -0.022554349 0.984182179 0.002243872
0.983486116 0.012427059 0.180556625 0.000328534 -0.016351553 0.999661028 0.020263333 0.000284676 -0.180243626 -0.022881085 0.983355939 0.002042917
0.982605219 0.012107471 0.185311243 0.000318538 -0.016040111 0.999676526 0.019737311 0.000225312 -0.185012326 -0.022366401 0.982481658 0.001971428
0.980872869 0.012951497 0.194217697 0.000349384 -0.016785417 0.999695122 0.018107573 0.000309159 -0.193923965 -0.021021247 0.980791271 0.002093027
0.980038941 0.014767186 0.198256373 0.000312036 -0.018553879 0.999678969 0.017255832 0.000290702 -0.197937891 -0.020589810 0.979998291 0.001938293
0.979126930 0.014369550 0.202740788 0.000218301 -0.018018555 0.999706924 0.016164070 0.000328469 -0.202449113 -0.019479776 0.979099095 0.001979016
0.978269815 0.013248057 0.206912160 0.000141549 -0.016673954 0.999751031 0.014822070 0.000214976 -0.206664294 -0.017950028 0.978247285 0.001623474
0.976785660 0.010807209 0.213945881 0.000535963 -0.013878745 0.999820948 0.012859724 0.000398583 -0.213768616 -0.015530496 0.976760805 0.002617766
0.976138055 0.008954710 0.216966212 0.000509511 -0.011783261 0.999861598 0.011746609 0.000387339 -0.216830984 -0.014022878 0.976108372 0.002631875
0.974654555 0.005320610 0.223651707 0.000495262 -0.008011878 0.999906063 0.011127594 0.000362769 -0.223571494 -0.012637432 0.974605620 0.002581624
0.973891318 0.003038625 0.226994276 0.000300315 -0.005558242 0.999929845 0.010461552 0.000361071 -0.226946548 -0.011450103 0.973839939 0.002166783
0.973052502 0.004280093 0.230543762 0.000309289 -0.006939137 0.999918520 0.010724231 0.000218516 -0.230479047 -0.012035014 0.973002851 0.001969113
0.972282529 0.003696508 0.233779669 0.000320423 -0.006044223 0.999938250 0.009326787 0.000294208 -0.233730763 -0.010481290 0.972244859 0.002289842
0.970525861 0.002339167 0.240985528 0.000373214 -0.004349667 0.999960005 0.007811211 0.000323114 -0.240957618 -0.008629191 0.970497251 0.002323060
0.969969153 0.003106483 0.243207902 0.000581280 -0.005182921 0.999955356 0.007898309 0.000339026 -0.243172526 -0.008921642 0.969941974 0.002773894
0.969203353 0.001204839 0.246258706 0.000524044 -0.003069557 0.999969423 0.007188476 0.000402751 -0.246242478 -0.007722999 0.969177485 0.002691106
0.968386352 0.000402402 0.249454945 0.000536851 -0.002092652 0.999976695 0.006510610 0.000356451 -0.249446481 -0.006826808 0.968364477 0.002604053
0.967515469 -0.003157919 0.252791733 0.000459539 0.001541985 0.999976993 0.006590212 0.000342543 -0.252806723 -0.005986330 0.967498302 0.002455537
0.966455281 -0.002836684 0.256819129 0.000350602 0.001065178 0.999974668 0.007036720 0.000332894 -0.256832570 -0.006527116 0.966433883 0.002350895
0.964699626 -0.010380106 0.263148189 0.000446563 0.008826248 0.999935925 0.007086357 0.000248383 -0.263204932 -0.004513594 0.964729369 0.002583781
0.963449240 -0.008926032 0.267742038 0.000441290 0.007547540 0.999952376 0.006177342 0.000383265 -0.267784476 -0.003930759 0.963470876 0.002832329
0.962195337 -0.011963867 0.272097558 0.000356420 0.010681313 0.999923825 0.006194253 0.000354699 -0.272150934 -0.003053721 0.962249756 0.002360940
0.961051583 -0.013792228 0.276024759 0.000518680 0.012601350 0.999902070 0.006087606 0.000379992 -0.276081711 -0.002372215 0.961131215 0.002975566
0.959810257 -0.016603556 0.280158401 0.000424136 0.015270895 0.999859273 0.006939140 0.000236154 -0.280234188 -0.002381988 0.959928691 0.002379603
0.958648682 -0.014343102 0.284230173 0.000602001 0.012837403 0.999891937 0.007159673 0.000327158 -0.284302175 -0.003214834 0.958729327 0.002401426
0.957219720 -0.010626494 0.289166749 0.000167411 0.009143937 0.999937177 0.006477469 0.000289371 -0.289217383 -0.003556238 0.957256854 0.001904585
0.956100225 -0.009420780 0.292888522 0.000150087 0.007644442 0.999944746 0.007208922 0.000306012 -0.292940259 -0.004653481 0.956119418 0.001682661
0.954958618 -0.007687887 0.296639442 0.000394888 0.006128768 0.999961972 0.006185543 0.000365054 -0.296675742 -0.004088899 0.954969585 0.002466223
0.953530550 -0.008515924 0.301175952 0.000434150 0.006759321 0.999953389 0.006874084 0.000410717 -0.301220477 -0.004518904 0.953543782 0.002648840
0.952059627 -0.005762800 0.305858016 0.000482531 0.003997154 0.999971509 0.006398753 0.000532097 -0.305886209 -0.004869435 0.952055633 0.002978154
0.950700760 -0.004217200 0.310081005 0.000415506 0.002347480 0.999976695 0.006402688 0.000395561 -0.310100764 -0.005359131 0.950688601 0.002446854
0.949924409 -0.009836670 0.312324822 0.000537511 0.008372029 0.999946773 0.006030101 0.000294985 -0.312367499 -0.003113348 0.949956238 0.002284019
0.948399186 -0.012057961 0.316849649 0.000438142 0.010723236 0.999924660 0.005955962 0.000154407 -0.316897631 -0.002250975 0.948457062 0.002203885
0.946810722 -0.008010145 0.321691036 0.000138262 0.007086053 0.999966741 0.004043400 0.000239104 -0.321712792 -0.001548812 0.946836054 0.001755579
0.945389926 -0.008968314 0.325818062 0.000367938 0.008249716 0.999959528 0.003587134 0.000182146 -0.325837076 -0.000703331 0.945425689 0.002010280
0.943681359 -0.010267707 0.330695927 0.000359309 0.009613065 0.999947190 0.003615089 0.000392285 -0.330715656 -0.000232486 0.943730474 0.002130666
0.941447914 -0.010248388 0.337002695 0.000173236 0.009677559 0.999947429 0.003373664 0.000295939 -0.337019563 0.000085235 0.941497624 0.001735324
0.939725339 -0.007013725 0.341858238 0.000374634 0.006693797 0.999975383 0.002115563 0.000366330 -0.341864645 0.000300283 0.939749181 0.001644182
0.937664628 -0.009878346 0.347401142 0.000382897 0.009922253 0.999949396 0.001652563 0.000363383 -0.347399950 0.001897452 0.937715173 0.002551685
0.933722198 -0.014392753 0.357708931 0.000297849 0.015154080 0.999884963 0.000674827 0.000281673 -0.357677519 0.004790651 0.933832943 0.001822387
0.931331813 -0.013220919 0.363931656 0.000300826 0.014535883 0.999893904 -0.000874365 0.000378328 -0.363881469 0.006104391 0.931425214 0.002267400
0.928836107 -0.017610684 0.370072067 0.000161400 0.019027013 0.999818921 -0.000176936 0.000219560 -0.370001942 0.007205712 0.929003060 0.001557533
0.926053047 -0.017305098 0.376996040 0.000137266 0.019138351 0.999816179 -0.001117289 0.000169505 -0.376907468 0.008249752 0.926214218 0.001385067
0.923362076 -0.020847684 0.383363485 0.000102428 0.023428295 0.999723434 -0.002063008 0.000278269 -0.383214444 0.010886459 0.923595250 0.001388438
0.920952201 -0.020444093 0.389138937 0.000106305 0.023098566 0.999730825 -0.002143399 0.000171678 -0.388990402 0.010962519 0.921176612 0.000790899
0.918379486 -0.021391314 0.395122230 -0.000064519 0.024317322 0.999701440 -0.002398255 0.000229651 -0.394952923 0.011810823 0.918625414 0.000379801
0.913701475 -0.021887269 0.405796438 0.000087188 0.025331959 0.999674261 -0.003119066 0.000252724 -0.405595988 0.013129515 0.913958192 0.000634684
0.911226392 -0.022031024 0.411316395 0.000161493 0.025446249 0.999672115 -0.002828694 0.000207634 -0.411119252 0.013044039 0.911488295 0.000649580
0.908265471 -0.022631736 0.417781681 0.000074496 0.026377423 0.999646962 -0.003192952 0.000294629 -0.417561889 0.013920051 0.908541918 0.000532234
0.905043244 -0.023403339 0.424675137 -0.000052861 0.027095163 0.999629259 -0.002655273 0.000213293 -0.424455583 0.013909779 0.905341983 0.000452701
0.899345517 -0.020500176 0.436757803 0.000095861 0.023721384 0.999716699 -0.001921774 0.000279687 -0.436594725 0.012088838 0.899577081 0.000335804
0.896360397 -0.024220964 0.442663968 -0.000061282 0.027633142 0.999617219 -0.001259550 0.000372659 -0.442464113 0.013361206 0.896686733 0.000170091
0.891201675 -0.024036068 0.452970028 -0.000194617 0.027054908 0.999633849 -0.000185687 0.000323339 -0.452799767 0.012420548 0.891525805 -0.000195469
0.888615191 -0.022691099 0.458091915 -0.000074095 0.025217377 0.999681771 0.000601050 0.000262684 -0.457959741 0.011017775 0.888904691 -0.000050164
0.883779228 -0.024803340 0.467246264 -0.000411317 0.027025340 0.999632835 0.001947157 0.000261660 -0.467122972 0.010906633 0.884125113 -0.000757269
0.881297171 -0.021881465 0.472055674 -0.000254820 0.023643833 0.999718010 0.002199003 0.000241587 -0.471970648 0.009223232 0.881566107 -0.000349058
0.879201233 -0.020805666 0.475996256 -0.000503438 0.022244059 0.999749184 0.002612302 0.000203926 -0.475931138 0.008291351 0.879443526 -0.000709154
0.877396047 -0.022677420 0.479230523 -0.000396608 0.024086377 0.999704719 0.003208125 0.000245140 -0.479161829 0.008728130 0.877683282 -0.000969846
0.875401318 -0.022305792 0.482881784 -0.000310242 0.023402076 0.999719143 0.003755185 0.000259182 -0.482829928 0.008013143 0.875677526 -0.000411672
0.873994052 -0.019611023 0.485540599 -0.000358417 0.020666812 0.999781370 0.003180098 0.000241117 -0.485496819 0.007255190 0.874208331 -0.000952519
0.872668982 -0.022768632 0.487781137 -0.000634349 0.023546372 0.999712348 0.004538717 0.000101811 -0.487744272 0.007524678 0.872954190 -0.001531889
0.871197402 -0.023453983 0.490372211 -0.000752806 0.024453044 0.999691427 0.004370796 0.000083810 -0.490323424 0.008183267 0.871502161 -0.001923406
0.868688881 -0.027272828 0.494606674 -0.000426896 0.028373577 0.999583423 0.005284312 0.000016227 -0.494544774 0.009443338 0.869100988 -0.001699547
0.867114127 -0.030488033 0.497175634 -0.000561211 0.031583712 0.999481857 0.006206167 0.000069608 -0.497107267 0.010321197 0.867627800 -0.001722720
0.865662456 -0.033732206 0.499490321 -0.000806722 0.035104550 0.999361455 0.006650728 0.000232636 -0.499395728 0.011777097 0.866293967 -0.001910270
0.863285482 -0.042181931 0.502950191 -0.000437207 0.043584689 0.999009430 0.008975269 0.000228755 -0.502830625 0.014172710 0.864268899 -0.001344158
0.861712575 -0.047029305 0.505212545 -0.001050329 0.047926012 0.998787820 0.011230608 0.000089537 -0.505128264 0.014535269 0.862921953 -0.002724510
0.860513747 -0.049485527 0.507017910 -0.000981715 0.050366774 0.998658836 0.011987463 -0.000010023 -0.506931126 0.015221478 0.861852109 -0.002920984
0.858221412 -0.054969791 0.510327756 -0.001133709 0.055918608 0.998344064 0.013497642 -0.000082686 -0.510224700 0.016952852 0.859874070 -0.003103163
0.855123937 -0.059105337 0.515043378 -0.001825191 0.060991894 0.998050034 0.013269664 0.000178528 -0.514823377 0.020066267 0.857061505 -0.003490026
0.853753746 -0.063247070 0.516821504 -0.000929321 0.065372445 0.997761071 0.014112225 0.000285583 -0.516556978 0.021737523 0.855976939 -0.002328245
0.850963056 -0.064826831 0.521209538 -0.000731782 0.066705123 0.997657299 0.015178861 0.000118817 -0.520972490 0.021850694 0.853293777 -0.001972719
0.848366916 -0.068210892 0.524996042 -0.000684161 0.070092529 0.997406840 0.016323620 0.000030320 -0.524748206 0.022949886 0.850948095 -0.001729312
0.842061937 -0.072867028 0.534436226 -0.000710996 0.075036190 0.997023582 0.017710283 0.000168179 -0.534135997 0.025188906 0.845023274 -0.001245300
0.839739442 -0.077914551 0.537370384 -0.000748517 0.080681846 0.996569812 0.018414756 0.000246436 -0.536961854 0.027892437 0.843145430 -0.001471136
0.837488174 -0.079721920 0.540608883 -0.001423735 0.082045980 0.996431053 0.019838473 0.000145910 -0.540261090 0.027740303 0.841040134 -0.002941572
0.833875179 -0.085122116 0.545349777 -0.001131521 0.087104484 0.995950282 0.022266664 0.000097018 -0.545036733 0.028934795 0.837912798 -0.002238882
0.831838846 -0.087847933 0.548020780 -0.001148933 0.090169720 0.995666802 0.022737434 0.000083428 -0.547643661 0.030501006 0.836155593 -0.003310456
0.828811944 -0.090320997 0.552189171 -0.001798836 0.092008710 0.995451152 0.024723822 -0.000021582 -0.551910520 0.030314820 0.833352268 -0.004586608
0.825745702 -0.098784067 0.555324912 -0.001485374 0.099233210 0.994630575 0.029374227 -0.000496167 -0.555244863 0.030851044 0.831114531 -0.004060121
0.822245896 -0.102748632 0.559780657 -0.001821264 0.103164911 0.994182646 0.030947804 -0.000459950 -0.559704065 0.032303013 0.828062832 -0.004697192
0.819327116 -0.108591661 0.562948406 -0.002005190 0.109422944 0.993467689 0.032381508 -0.000266784 -0.562787473 0.035068419 0.825857520 -0.004643791
0.818452358 -0.109661497 0.564012468 -0.001377512 0.110943243 0.993306994 0.032137170 -0.000156528 -0.563761771 0.036270637 0.825140715 -0.004083340
0.817285061 -0.106579103 0.566291451 -0.001887386 0.107317381 0.993705332 0.032137699 -0.000072930 -0.566151977 0.034507260 0.823578238 -0.005152294
0.813555777 -0.108384311 0.571296573 -0.001852188 0.108968481 0.993487120 0.033304047 -0.000034826 -0.571185470 0.035158619 0.820067763 -0.003783016
0.808664262 -0.121128611 0.575664818 -0.001053570 0.121296957 0.991876543 0.038314156 -0.000100932 -0.575629354 0.038843095 0.816787601 -0.002167258
0.806101739 -0.125479206 0.578320920 -0.001233790 0.126142263 0.991235554 0.039244577 -0.000103975 -0.578176618 0.041315589 0.814864874 -0.002470662
0.802989006 -0.129690856 0.581712008 -0.001131130 0.130353242 0.990622878 0.040918015 -0.000107156 -0.581563950 0.042971350 0.812364817 -0.002408441
0.796147645 -0.137505382 0.589271724 -0.001179897 0.138733998 0.989376903 0.043429717 -0.000056723 -0.588983655 0.047175564 0.806766808 -0.002524188
0.791904807 -0.138258070 0.594787002 -0.001701353 0.138530940 0.989311159 0.045523793 -0.000177059 -0.594723463 0.046345897 0.802593291 -0.002895819
0.787535429 -0.141703784 0.599756539 -0.001771252 0.142628506 0.988692164 0.046312805 -0.000009403 -0.599537194 0.049069408 0.798841059 -0.003103937
0.783394933 -0.141628012 0.605172515 -0.001719464 0.142077953 0.988716662 0.047468793 -0.000130604 -0.605067015 0.048794854 0.794677854 -0.002979810
0.780102074 -0.140997767 0.609557569 -0.001717790 0.141317159 0.988806486 0.047866970 -0.000147130 -0.609483540 0.048799824 0.791295290 -0.003299424
0.775656343 -0.137302533 0.616039932 -0.001419486 0.136569008 0.989439070 0.048571311 -0.000056328 -0.616202950 0.046457332 0.786215961 -0.002838014
0.771297574 -0.137209684 0.621509194 -0.001974828 0.136424586 0.989431322 0.049131438 -0.000027348 -0.621682048 0.046894170 0.781864643 -0.003522149
0.768064797 -0.132249862 0.626567304 -0.001981597 0.130492091 0.990235329 0.049048394 -0.000124162 -0.626935720 0.044089735 0.777822316 -0.003734643
0.763637841 -0.129393727 0.632546127 -0.002304946 0.126945287 0.990678906 0.049399413 -0.000187103 -0.633041978 0.042575479 0.772945762 -0.003841721
0.759983540 -0.125731021 0.637665093 -0.001679281 0.122218616 0.991253674 0.049786646 -0.000169192 -0.638347566 0.040097512 0.768703103 -0.003249695
0.755347013 -0.119387597 0.644358337 -0.001184149 0.115881719 0.992103636 0.047976360 -0.000024923 -0.644998014 0.038430560 0.763217270 -0.002418956
0.750273824 -0.116980568 0.650695503 -0.000928850 0.111775063 0.992497504 0.049548533 -0.000145868 -0.651609838 0.035556581 0.757720292 -0.001943395
0.747078359 -0.111863799 0.655256033 -0.001055124 0.107624300 0.993088126 0.046831794 0.000038259 -0.655965626 0.035534464 0.753953695 -0.002308739
0.743694425 -0.106920600 0.659913957 -0.001087422 0.101883948 0.993723452 0.046186309 -0.000046763 -0.660710275 0.032886147 0.749920130 -0.002286508
0.740989625 -0.104692623 0.663305283 -0.001791653 0.098919705 0.994013667 0.046385042 -0.000053117 -0.664190710 0.031243123 0.746909916 -0.003126057
0.738507628 -0.105544627 0.665932894 -0.001501684 0.099730112 0.993907392 0.046926815 -0.000077811 -0.666828394 0.031757746 0.744534135 -0.002858119
0.736444712 -0.106105283 0.668125033 -0.001143813 0.099656589 0.993863940 0.047989018 -0.000027427 -0.669117212 0.031241810 0.742499828 -0.002211157
0.733730316 -0.107840933 0.670827985 -0.001773902 0.100097463 0.993707299 0.050262906 -0.000295624 -0.672027051 0.030268762 0.739907742 -0.003029782
0.731920242 -0.107004106 0.672936022 -0.001301613 0.098558299 0.993832111 0.050832905 -0.000106234 -0.674224675 0.029117797 0.737951934 -0.002429046
0.730156898 -0.107737727 0.674732089 -0.001295750 0.097886048 0.993798256 0.052757792 -0.000070545 -0.676231623 0.027525408 0.736174643 -0.002726209
0.727065206 -0.113921724 0.677050948 -0.000766775 0.104627393 0.993004441 0.054728292 0.000076229 -0.678549409 0.031047037 0.733898282 -0.001942262
0.724289238 -0.117199130 0.679462552 -0.001180584 0.107128449 0.992608905 0.057016995 -0.000182515 -0.681123018 0.031492982 0.731491268 -0.002173083
0.721346021 -0.122422151 0.681669116 -0.001503836 0.112878144 0.991874397 0.058684163 -0.000058104 -0.683314264 0.034613952 0.729303300 -0.002470543
0.719304800 -0.125694677 0.683228672 -0.001380461 0.114687614 0.991486073 0.061661873 -0.000190045 -0.685162306 0.034004193 0.727596283 -0.002470518
0.717185557 -0.126393825 0.685324371 -0.001618714 0.114158057 0.991438508 0.063384868 -0.000406179 -0.687468290 0.032776590 0.725474238 -0.002845782
0.714607418 -0.130110025 0.687319100 -0.001380688 0.119416080 0.990817547 0.063405313 -0.000001890 -0.689257562 0.036767054 0.723582804 -0.002751413
0.712966561 -0.130663440 0.688916445 -0.001366374 0.119814575 0.990737021 0.063910998 0.000021276 -0.690885842 0.036975831 0.722017646 -0.002623996
0.709019840 -0.137466267 0.691660225 -0.001353125 0.126720011 0.989686787 0.066798069 -0.000241451 -0.693709493 0.040286031 0.719127238 -0.002642267
0.706629753 -0.134766489 0.694631100 -0.000895180 0.123804472 0.990099490 0.066147797 0.000045601 -0.696668386 0.039256442 0.716318369 -0.001913004
0.703072786 -0.140774921 0.697044611 -0.001145217 0.131532311 0.989039958 0.067076400 0.000178571 -0.698847592 0.044524301 0.713883400 -0.002432564
0.700737476 -0.138190389 0.699907422 -0.000707794 0.126218975 0.989598513 0.069018617 -0.000080441 -0.702165067 0.039977666 0.710890949 -0.001777877
0.698337138 -0.139419332 0.702059627 -0.001161263 0.128719017 0.989317417 0.068428278 -0.000030140 -0.704100072 0.042582422 0.708822787 -0.002319008
0.695224762 -0.141023651 0.704822659 -0.001027963 0.129404634 0.989099503 0.070260435 -0.000057398 -0.707048118 0.042360533 0.705895483 -0.002385805
0.692922950 -0.138007239 0.707680523 -0.001428110 0.124380141 0.989675820 0.071213737 -0.000278634 -0.710202336 0.038675785 0.702934384 -0.002551527
0.689041257 -0.143192992 0.710435033 -0.001164854 0.130200431 0.988795280 0.073018767 -0.000106188 -0.712930441 0.042185999 0.699964583 -0.002250013
0.686508596 -0.139446527 0.713625073 -0.001009571 0.125040114 0.989458203 0.073057152 -0.000059003 -0.716289639 0.039077401 0.696707964 -0.002022625
0.682015359 -0.143424287 0.717136502 -0.001429106 0.128804818 0.988809943 0.075261153 -0.000254221 -0.719905853 0.041041374 0.692857206 -0.002531901
0.676437974 -0.150638327 0.720929801 -0.001648529 0.136899278 0.987517834 0.077891327 -0.000265162 -0.723664522 0.046006121 0.688616753 -0.002623174
0.674805403 -0.146017835 0.723406196 -0.001200132 0.130133465 0.988414228 0.078118443 -0.000057838 -0.726431727 0.041424617 0.685988963 -0.002396577
0.670572340 -0.145374998 0.727460563 -0.001724839 0.130276412 0.988448620 0.077441953 0.000236610 -0.730315566 0.042840533 0.681765199 -0.002825567
0.664202988 -0.139695048 0.734383881 -0.000784270 0.120209731 0.989559114 0.079512700 0.000162338 -0.737823844 0.035467528 0.674060822 -0.002049521
0.660010219 -0.140343845 0.738031268 -0.000284112 0.120777622 0.989439249 0.080141917 0.000081277 -0.741484463 0.036243178 0.669990301 -0.001263754
0.655682325 -0.142953336 0.741380513 -0.001186258 0.123694226 0.988984287 0.081300341 0.000101530 -0.744835794 0.038397308 0.666141987 -0.002345967
0.652111650 -0.141073436 0.744881690 -0.001466323 0.120761052 0.989318311 0.081646331 -0.000004950 -0.748443186 0.036710165 0.662182033 -0.002594610
0.648629785 -0.134962469 0.749042392 -0.001337005 0.112574942 0.990339875 0.080955684 -0.000094515 -0.752732515 0.031813137 0.657557309 -0.001928442
0.644625783 -0.139163062 0.751725495 -0.001920536 0.117565960 0.989641309 0.082391053 -0.000066726 -0.755404472 0.035265941 0.654309154 -0.003431221
0.641825438 -0.131518856 0.755488575 -0.000711534 0.108382687 0.990851402 0.080415390 -0.000007930 -0.759153008 0.030269234 0.650207937 -0.001415363
0.639126301 -0.129440993 0.758131027 -0.000495739 0.105438612 0.991175115 0.080342419 0.000017386 -0.761840045 0.028587325 0.647134006 -0.001242741
0.635568678 -0.130458534 0.760942221 -0.000569364 0.106200904 0.991023540 0.081201307 0.000028710 -0.764705062 0.029203750 0.643718362 -0.001268556
0.632797122 -0.129412606 0.763426661 -0.000898951 0.104925655 0.991172016 0.081047110 -0.000018196 -0.767175734 0.028816672 0.640789568 -0.001569707
0.629871070 -0.130267531 0.765697598 -0.000653029 0.105121732 0.991061747 0.082134284 0.000012267 -0.769553006 0.028757455 0.637935162 -0.001305351
0.627651513 -0.128674105 0.767786860 -0.000931687 0.101940602 0.991338313 0.082804747 0.000024815 -0.771791339 0.026296133 0.635332048 -0.001426190
0.625376105 -0.129978120 0.769422114 -0.000834591 0.102917343 0.991154850 0.083785489 0.000062118 -0.773506820 0.026789436 0.633221626 -0.001412565
0.624275625 -0.130645275 0.770202458 -0.000674161 0.103104532 0.991071403 0.084540300 -0.000052310 -0.774370313 0.026634905 0.632171869 -0.001463385
0.623321950 -0.131617337 0.770808995 -0.000773763 0.105081156 0.990890801 0.084221929 0.000045734 -0.774872720 0.028500125 0.631474614 -0.001484734
0.622410297 -0.132572591 0.771381795 -0.000850574 0.105707124 0.990759254 0.084982969 -0.000002949 -0.775520027 0.028646275 0.630672753 -0.001555006
0.621895134 -0.133864820 0.771574140 -0.000491389 0.106644779 0.990579307 0.085904703 -0.000002273 -0.775804937 0.028860638 0.630312502 -0.001294796
0.621701121 -0.133565977 0.771782279 -0.000576926 0.106125772 0.990630984 0.085951805 -0.000051198 -0.776031554 0.028469659 0.630051196 -0.001326170
0.622238576 -0.132510826 0.771530926 -0.000825279 0.104660146 0.990803242 0.085762657 0.000013706 -0.775799870 0.027383696 0.630384624 -0.001689643
0.622796834 -0.131942078 0.771177828 -0.000610870 0.103832580 0.990897477 0.085679911 0.000061019 -0.775462985 0.026712209 0.630827785 -0.001564830
0.621967196 -0.132661998 0.771723688 -0.000507373 0.104504839 0.990790784 0.086095199 -0.000006235 -0.776038408 0.027100483 0.630103171 -0.001384640
0.621043444 -0.133370996 0.772345364 -0.000976282 0.105154298 0.990685046 0.086519942 -0.000100791 -0.776690185 0.027482783 0.629282951 -0.001546446
0.621428430 -0.132403865 0.772201955 -0.000653288 0.103874251 0.990839362 0.086299360 -0.000061861 -0.776554525 0.026583038 0.629489124 -0.001345901
0.621611476 -0.131259859 0.772249937 -0.000946924 0.103035316 0.990995944 0.085503452 0.000048107 -0.776519716 0.026419098 0.629538894 -0.001544319
0.621706486 -0.133253470 0.771831870 -0.000716183 0.105322279 0.990694940 0.086202681 -0.000046943 -0.776136756 0.027698327 0.629956067 -0.001499181
0.621781468 -0.132500172 0.771901190 -0.000674801 0.104454458 0.990809858 0.085936673 -0.000111901 -0.776194036 0.027194699 0.629907489 -0.001504658
0.622039318 -0.131713033 0.771828115 -0.000545278 0.103580169 0.990928650 0.085624307 0.000017068 -0.776104569 0.026684400 0.630039513 -0.001385180
0.621766090 -0.132172838 0.771969676 -0.000730902 0.104144536 0.990857005 0.085768677 -0.000012392 -0.776247978 0.027068388 0.629846394 -0.001457446
0.622325003 -0.132027999 0.771544039 -0.000501534 0.104391947 0.990866542 0.085356623 0.000033619 -0.775766671 0.027423427 0.630423725 -0.001400264
0.622457206 -0.130755261 0.771654189 -0.000999546 0.103171334 0.991050124 0.084707983 0.000024204 -0.775823891 0.026885493 0.630376458 -0.001693175
0.623352468 -0.130077437 0.771045744 -0.000304591 0.102167301 0.991162062 0.084614404 0.000033386 -0.775237799 0.026031060 0.631133020 -0.001301319
0.622931242 -0.131442547 0.771154642 -0.000530405 0.104606263 0.990925729 0.084402367 0.000051592 -0.775251091 0.028090741 0.631028295 -0.001227998
0.625160396 -0.129697472 0.769644797 -0.000490991 0.102551840 0.991197288 0.083732679 0.000113859 -0.773729742 0.026582131 0.632957935 -0.001379924
0.625391483 -0.132801220 0.768927336 -0.000652681 0.105532266 0.990752399 0.085280024 -0.000016567 -0.773141921 0.027813254 0.633622944 -0.001533690
0.626600564 -0.133407384 0.767837405 -0.000635486 0.104473956 0.990725935 0.086876102 -0.000071386 -0.772306263 0.025782401 0.634727001 -0.001544437
0.627850235 -0.131523341 0.767141223 -0.000754411 0.102968074 0.990992010 0.085629687 0.000019804 -0.771493196 0.025228443 0.635737300 -0.001634750
0.628793359 -0.132757381 0.766155601 -0.000404789 0.103744626 0.990831494 0.086544134 0.000009961 -0.770620525 0.025066147 0.636801124 -0.001465754
0.628906429 -0.132283002 0.766144753 -0.000704761 0.103677593 0.990887642 0.085981220 0.000072240 -0.770537257 0.025357908 0.636890411 -0.001378433
0.632171512 -0.133254424 0.763283968 -0.000220936 0.104207076 0.990772724 0.086662479 0.000049563 -0.767789125 0.024754051 0.640224397 -0.001196727
0.633453727 -0.132888347 0.762284100 -0.000892604 0.103134952 0.990852714 0.087029926 -0.000074917 -0.766876459 0.023488715 0.641364813 -0.001579946
0.634838104 -0.131462499 0.761379123 -0.000728398 0.101977937 0.991054475 0.086089879 0.000081241 -0.765885830 0.022990737 0.642565548 -0.001542488
0.636162281 -0.132700175 0.760057986 -0.001450261 0.103152581 0.990883052 0.086662561 0.000037019 -0.764628768 0.023270490 0.644050777 -0.002105513
0.636694491 -0.134417936 0.759310186 -0.001782956 0.104988582 0.990631342 0.087333165 0.000086248 -0.763935566 0.024114357 0.644841909 -0.002373629
0.639679015 -0.132675156 0.757105052 -0.001172697 0.101499520 0.990945041 0.087896235 0.000047336 -0.761911154 0.020620428 0.647353292 -0.001976334
0.640578687 -0.132041678 0.756454766 -0.001234977 0.100669801 0.991043329 0.087740995 0.000017121 -0.761264980 0.019947130 0.648133993 -0.001862473
0.642963409 -0.134994805 0.753906131 -0.000532871 0.104523279 0.990600467 0.088235490 -0.000040584 -0.758731186 0.022068543 0.651030064 -0.001435064
0.644784391 -0.133507580 0.752614617 -0.000834426 0.101946220 0.990851879 0.088428900 -0.000129518 -0.757535577 0.019708641 0.652496338 -0.001664319
0.646521747 -0.133281440 0.751162827 -0.000849009 0.101679668 0.990890503 0.088302031 0.000075791 -0.756089151 0.019288810 0.654184282 -0.001620030
0.649554074 -0.134153351 0.748386443 -0.000644062 0.102247275 0.990782201 0.088859990 0.000057283 -0.753408849 0.018801115 0.657283604 -0.001908414
0.649726212 -0.136173502 0.747872114 -0.001030002 0.104475543 0.990484595 0.089583829 -0.000093502 -0.752954662 0.019929396 0.657770574 -0.001728130
0.651709259 -0.138558939 0.745705366 -0.001321503 0.107355289 0.990125000 0.090151206 -0.000167251 -0.750832736 0.021303037 0.660148740 -0.001965684
0.653796792 -0.137211129 0.744125545 -0.001454954 0.106284268 0.990324378 0.089225829 0.000005807 -0.749168456 0.020753268 0.662054360 -0.002010103
0.656129897 -0.136270091 0.742242515 -0.001091153 0.103257902 0.990522206 0.090574101 -0.000042351 -0.747550249 0.017214037 0.663982213 -0.001656171
0.659189820 -0.135203853 0.739721954 -0.001263811 0.101836964 0.990692019 0.090325110 -0.000099764 -0.745049000 0.015789654 0.666822910 -0.002053803
0.661544740 -0.137763798 0.737142801 -0.001173778 0.103515193 0.990346730 0.092185587 -0.000205143 -0.742726862 0.015320594 0.669419348 -0.002037367
0.662808597 -0.138015985 0.735959411 -0.001173646 0.103783920 0.990312815 0.092247076 -0.000208086 -0.741561592 0.015238600 0.670711756 -0.002210300
0.665788233 -0.139810443 0.732924938 -0.001522825 0.104896903 0.990070939 0.093574561 -0.000111964 -0.738730550 0.014580722 0.673843205 -0.002562986
0.666979015 -0.141513795 0.731514096 -0.001474398 0.106254734 0.989828289 0.094604686 -0.000089434 -0.737461090 0.014627500 0.675231159 -0.002008373
0.668706656 -0.141037971 0.730027199 -0.001523021 0.106334664 0.989892423 0.093839988 -0.000097799 -0.735883415 0.014875782 0.676944852 -0.002033158
0.670435011 -0.140848294 0.728476882 -0.000983492 0.105534196 0.989936829 0.094274879 -0.000201403 -0.734424591 0.013674042 0.678552628 -0.001618319
0.671884954 -0.140062273 0.727291763 -0.001631942 0.104501896 0.990060449 0.094125748 -0.000072682 -0.733246207 0.012761697 0.679843485 -0.001904115
0.675688684 -0.136963755 0.724351883 -0.001113414 0.100089058 0.990534902 0.093929924 0.000019903 -0.730360806 0.009032313 0.683001816 -0.002033666
0.678885460 -0.137451857 0.721263766 -0.000873716 0.100103378 0.990476012 0.094534099 -0.000096901 -0.727388322 0.008023113 0.686179280 -0.002138290
0.681431532 -0.136165619 0.719103634 -0.001384789 0.098070480 0.990667880 0.094654776 -0.000112448 -0.725281537 0.006022090 0.688426137 -0.002624912
0.682835519 -0.138291582 0.717363894 -0.001142423 0.101144187 0.990359783 0.094643146 -0.000195199 -0.723536789 0.007931479 0.690240324 -0.001971526
0.685057223 -0.138426527 0.715216398 -0.001682801 0.101610079 0.990340173 0.094349898 -0.000068098 -0.721368074 0.008038123 0.692505360 -0.002334460
0.685936451 -0.142960936 0.713479638 -0.002719318 0.105782114 0.989685416 0.096606180 -0.000557944 -0.719931424 0.009207677 0.693984151 -0.002945617
0.688273191 -0.145252436 0.710761368 -0.002823235 0.108592235 0.989339948 0.097026810 -0.000691178 -0.717278004 0.010402211 0.696709514 -0.003575396
0.692204237 -0.141411826 0.707711756 -0.002395153 0.103749759 0.989927828 0.096326612 -0.000423905 -0.714205384 0.006747252 0.699903727 -0.002969065
0.694503605 -0.141699284 0.705397844 -0.002557528 0.103590071 0.989892721 0.096858017 -0.000413235 -0.711992979 0.005803977 0.702162683 -0.003117876
0.697313845 -0.142628089 0.702431858 -0.002088511 0.105887428 0.989747703 0.095851339 -0.000216284 -0.708901405 0.007540237 0.705267251 -0.002893693
0.699539661 -0.143923283 0.699950218 -0.001893610 0.107701585 0.989553690 0.095832914 -0.000170158 -0.706430972 0.008346826 0.707732737 -0.002497790
0.701249123 -0.145815551 0.697844923 -0.002203309 0.109218106 0.989277720 0.096959859 -0.000179515 -0.704500616 0.008224301 0.709655762 -0.002456916
0.704765916 -0.143851370 0.694702625 -0.003395319 0.108495943 0.989562511 0.094840132 -0.000515095 -0.701094568 0.008532325 0.713017225 -0.003772719
0.707322896 -0.145947874 0.691659927 -0.003314643 0.111192048 0.989244938 0.095031537 -0.000751759 -0.698090613 0.009689106 0.715943933 -0.003409241
0.710597813 -0.145496562 0.688390374 -0.003132252 0.111912780 0.989302516 0.093573540 -0.000659372 -0.694641113 0.010546532 0.719279230 -0.003237681
0.713642657 -0.144135028 0.685521126 -0.003506041 0.111405917 0.989500582 0.092072554 -0.000633675 -0.691594422 0.010664207 0.722207487 -0.003299782
0.718733668 -0.143971369 0.680216193 -0.004016819 0.111190170 0.989535928 0.091954127 -0.001043476 -0.686337054 0.009542826 0.727221072 -0.004842425
0.720709205 -0.147643268 0.677332759 -0.003102913 0.117860451 0.988929152 0.090155952 -0.000480315 -0.683145046 0.014854535 0.730131686 -0.003043813
0.725472212 -0.147220984 0.672321439 -0.002481800 0.117109157 0.989014268 0.090201221 -0.000443281 -0.678215146 0.013296522 0.734743297 -0.003030985
