1.000000000 0.000000000 0.000000000 0.000000000 0.000000000 1.000000000 0.000000000 0.000000000 0.000000000 0.000000000 1.000000000 0.000000000
0.999999583 0.000792378 -0.000229021 0.000073565 -0.000792114 0.999999046 0.001150172 0.000053055 0.000229932 -0.001149990 0.999999225 0.000882767
0.999851823 0.002747154 0.016993327 0.000100994 -0.002783230 0.999993920 0.002099644 0.000029707 -0.016987458 -0.002146629 0.999853313 0.001503846
0.999210536 0.010814886 0.038228091 0.000036868 -0.010801281 0.999941468 -0.000562444 0.000068596 -0.038231939 0.000149088 0.999268889 0.001487387
0.999427974 0.004089822 0.033569880 0.000523383 -0.004218085 0.999984086 0.003750869 0.000059946 -0.033554003 -0.003890324 0.999429286 0.003274707
0.999271035 0.005578546 0.037764132 0.000241675 -0.005761493 0.999972165 0.004737318 0.000038622 -0.037736658 -0.004951442 0.999275446 0.002751185
0.999739885 0.009551613 0.020711219 0.000403454 -0.009864030 0.999838233 0.015035087 0.000039865 -0.020564254 -0.015235472 0.999672353 0.002787846
0.999868929 0.010346767 -0.012445472 0.000347379 -0.010097731 0.999750793 0.019909134 0.000062732 0.012648365 -0.019780856 0.999724329 0.001641409
0.999377728 0.014440004 -0.032182068 0.000382742 -0.013636422 0.999593079 0.025050938 0.000101399 0.032530710 -0.024596503 0.999168038 0.001082273
0.998296499 -0.001884470 -0.058314551 0.000381746 0.003797820 0.999457419 0.032717429 -0.000127645 0.058221247 -0.032883164 0.997761965 0.000313464
0.997381151 -0.007774671 -0.071905799 0.000333547 0.010501949 0.999236584 0.037628535 -0.000186870 0.071558356 -0.038285147 0.996701300 -0.000125110
0.995680511 -0.019967888 -0.090673223 0.000329908 0.025179682 0.998073518 0.056703579 -0.000357609 0.089366272 -0.058741752 0.994265079 -0.001138776
0.995330393 -0.015666578 -0.095246017 0.000340424 0.022631498 0.997112274 0.072491035 -0.000146685 0.093835257 -0.074308075 0.992810786 -0.000722183
0.996157885 -0.008492759 -0.087164335 0.000513024 0.016854201 0.995272815 0.095644943 -0.000005596 0.085940011 -0.096746534 0.991591871 0.000108352
0.998088479 -0.004005210 -0.061670616 0.000792267 0.010959255 0.993552744 0.112840116 0.000200369 0.060821056 -0.113300294 0.991697431 0.002075901
0.999795258 0.001921741 -0.020143511 0.000465070 0.000794603 0.990983486 0.133981332 -0.000079578 0.020219369 -0.133969888 0.990779102 0.002368638
0.999718010 0.000179651 0.023745419 0.001029712 -0.003663367 0.989166915 0.146749526 0.000418751 -0.023461815 -0.146795154 0.988888741 0.005553124
0.996270299 -0.000645517 0.086284764 0.001744487 -0.013094805 0.987258852 0.158582583 0.000889499 -0.085287750 -0.159120977 0.983568251 0.008514032
0.990670383 -0.018229276 0.135054767 0.002059720 -0.004024547 0.986667573 0.162698731 0.001143969 -0.136220008 -0.161724344 0.977388978 0.010868587
0.979933560 -0.005252030 0.199255213 0.002216763 -0.026720032 0.987168908 0.157428756 0.001730870 -0.197525308 -0.159593850 0.967219472 0.012405665
0.970079005 0.009056813 0.242620930 0.002368956 -0.046838779 0.987512887 0.150413990 0.002172565 -0.238229036 -0.157277539 0.958389640 0.013494034
0.952584743 0.030784352 0.302711874 0.002310838 -0.072315536 0.989268005 0.126961380 0.002149129 -0.295554727 -0.142832249 0.944587886 0.013810492
0.935460508 0.051839385 0.349608541 0.001900202 -0.095625915 0.989413738 0.109161161 0.002744381 -0.340248674 -0.135547608 0.930514753 0.015245828
0.915987492 0.086714156 0.391723871 0.000137703 -0.128262877 0.988416851 0.081122108 0.003662909 -0.380152076 -0.124550462 0.916499555 0.013675101
0.895558655 0.125285536 0.426940441 -0.001957091 -0.155167401 0.987240136 0.035776906 0.006120601 -0.417010486 -0.098287560 0.903571725 0.010156362
0.878203154 0.133179635 0.459371716 -0.004060709 -0.149618283 0.988743663 -0.000621010 0.008736318 -0.454283565 -0.068185039 0.888243914 0.007948491
0.865993023 0.135309875 0.481401384 -0.006189529 -0.135848552 0.990148425 -0.033927996 0.011401473 -0.481249720 -0.036016263 0.875843346 0.005080334
0.866233230 0.128278047 0.482891887 -0.009938000 -0.121238008 0.991560698 -0.045921359 0.012045890 -0.484707326 -0.018766239 0.874475062 0.000174552
0.878617704 0.106942140 0.465397060 -0.012444841 -0.101374783 0.994157791 -0.037060216 0.011850473 -0.466641486 -0.014617770 0.884325802 -0.003338782
0.886671662 0.111198440 0.448829800 -0.011987355 -0.110933840 0.993461490 -0.026980018 0.011861246 -0.448895186 -0.025868010 0.893209875 -0.003415621
0.882319927 0.116751157 0.455939323 -0.012441274 -0.120104983 0.992523372 -0.021729229 0.011931343 -0.455067337 -0.035588451 0.889745593 -0.003610160
0.869905889 0.115464933 0.479511797 -0.012448188 -0.127938479 0.991759360 -0.006713023 0.012035574 -0.476335466 -0.055508330 0.877509773 -0.003615934
0.858935714 0.102330811 0.501754999 -0.011204786 -0.118623950 0.992938995 0.000562086 0.012057481 -0.498154759 -0.060002949 0.865009487 -0.001705823
0.835065901 0.089912161 0.542752743 -0.009620505 -0.123125352 0.992073894 0.025091138 0.012023279 -0.536194980 -0.087779380 0.839517653 0.000611917
0.805630803 0.084625587 0.586342514 -0.006735223 -0.130949587 0.990700662 0.036938135 0.012431158 -0.577763975 -0.106539808 0.809220672 0.004343436
0.782859623 0.072975792 0.617904007 -0.006296797 -0.134373784 0.989491642 0.053385086 0.012273028 -0.607515037 -0.124823116 0.784439087 0.005698628
0.765016973 0.071115732 0.640071571 -0.004899302 -0.144326910 0.987536609 0.062779143 0.012406429 -0.627629459 -0.140406668 0.765746176 0.007233263
0.734709859 0.072903045 0.674452782 -0.003378072 -0.156345144 0.985641479 0.063773230 0.012774455 -0.660119414 -0.152302265 0.735558569 0.008565967
0.708350301 0.079343893 0.701387465 -0.001970236 -0.165296778 0.984678328 0.055546746 0.013276433 -0.686233819 -0.155283615 0.710612535 0.009849327
0.681550562 0.090951346 0.726096869 -0.001075090 -0.170865148 0.984597683 0.037051212 0.013325614 -0.711543381 -0.149316952 0.686593413 0.010411261
0.668726802 0.096812584 0.737178266 -0.000604081 -0.170707643 0.984991670 0.025498834 0.013179676 -0.723645866 -0.142893687 0.675217032 0.010886086
0.667374671 0.109358273 0.736649036 -0.001395580 -0.170030043 0.985408366 0.007752924 0.013089803 -0.725052297 -0.130426586 0.676230788 0.010700914
0.679307997 0.110769205 0.725445151 -0.002067060 -0.164269730 0.986410260 0.003206112 0.013213986 -0.715231478 -0.121346615 0.688272357 0.010469678
0.696991384 0.116955124 0.707477391 -0.004117130 -0.165064484 0.986282706 -0.000427264 0.013060850 -0.697822690 -0.116481595 0.706735671 0.008719690
0.711321712 0.113872431 0.693580925 -0.005788307 -0.158650130 0.987334669 0.000607146 0.012790731 -0.684727371 -0.110468604 0.720378458 0.007353053
0.741869569 0.106398143 0.662049055 -0.007113599 -0.147353560 0.989064813 0.006166425 0.012610225 -0.654153228 -0.102129966 0.749435127 0.005614888
0.778852642 0.113697432 0.616815746 -0.008597396 -0.147589386 0.989040434 0.004051442 0.012529429 -0.609595120 -0.094190948 0.787097156 0.003505562
0.822540820 0.116930798 0.556555152 -0.011261657 -0.149902970 0.988603830 0.013840664 0.012114002 -0.548593998 -0.094813749 0.830695570 0.000192888
0.854280710 0.107269540 0.508623362 -0.011529589 -0.140474319 0.989710510 0.027208172 0.012040360 -0.500471234 -0.094691962 0.860559106 -0.001052446
0.873122454 0.097802080 0.477589965 -0.010939030 -0.130651206 0.990775943 0.035960738 0.012065086 -0.469667584 -0.093795829 0.877846599 -0.001258828
0.881661594 0.094804026 0.462260813 -0.011398440 -0.129785568 0.990548015 0.044388443 0.012067507 -0.453683257 -0.099130385 0.885632336 -0.001591727
0.883903384 0.084831998 0.459911078 -0.011591184 -0.125372991 0.990396857 0.058272768 0.011969052 -0.450551152 -0.109167933 0.886050761 -0.001925416
0.883963704 0.081163473 0.460457027 -0.011431297 -0.123588420 0.990351140 0.062692761 0.011887467 -0.450925857 -0.112325288 0.885465384 -0.001720571
0.882486880 0.072889954 0.464654595 -0.011352685 -0.120230176 0.990055799 0.073035859 0.011749179 -0.454710364 -0.120318681 0.882474840 -0.001875218
0.876390278 0.070149750 0.476465166 -0.010933083 -0.123677053 0.988938212 0.081885561 0.011655470 -0.465450287 -0.130691513 0.875371695 -0.000841316
0.868039250 0.068063803 0.491808057 -0.010685448 -0.126743123 0.988117278 0.086950533 0.011855124 -0.480045915 -0.137809768 0.866351187 -0.000383100
0.859966636 0.062655956 0.506489515 -0.010245590 -0.125623330 0.987887442 0.091087401 0.011808153 -0.494647563 -0.141958997 0.857421398 0.000334877
0.841116369 0.064164199 0.537034452 -0.009417317 -0.132020041 0.987260044 0.088816442 0.012316053 -0.524493754 -0.145604283 0.838871658 0.000877300
0.824254155 0.061983187 0.562817156 -0.007489120 -0.134781525 0.986897171 0.088702358 0.012596915 -0.549944520 -0.148970619 0.821808219 0.003155011
0.795130372 0.060537267 0.603409350 -0.006347754 -0.141016647 0.986187518 0.086882167 0.012663904 -0.589815140 -0.154173374 0.792684555 0.004891531
0.772549748 0.070067197 0.631076455 -0.005445994 -0.152676940 0.985231519 0.077515393 0.012947844 -0.616325080 -0.156235293 0.771838009 0.005898749
0.735553920 0.073957950 0.673417151 -0.005960016 -0.151264042 0.986857831 0.056839764 0.013076643 -0.660363257 -0.143672496 0.737074375 0.006085441
0.701126754 0.090250321 0.707302034 -0.004461001 -0.166628584 0.985229671 0.039460432 0.013049484 -0.693293750 -0.145523489 0.705809295 0.007109024
0.678441644 0.098492801 0.728021979 -0.003764027 -0.172948003 0.984533548 0.027973948 0.012945559 -0.714006782 -0.144888639 0.684982836 0.007593449
0.671527147 0.091926932 0.735255480 -0.003383189 -0.164217725 0.986062706 0.026699506 0.012851921 -0.722553551 -0.138671398 0.677263975 0.007782018
0.681201518 0.091166012 0.726397455 -0.002687820 -0.166053683 0.985596538 0.032025307 0.013067788 -0.713015199 -0.142436668 0.686528325 0.007793054
0.680554926 0.099591598 0.725897014 -0.003563190 -0.172251701 0.984699309 0.026393462 0.013033864 -0.712161720 -0.142999172 0.687296808 0.007402839
0.681291759 0.112271279 0.723350942 -0.004763835 -0.179306477 0.983659744 0.016206911 0.013185922 -0.709711552 -0.140743166 0.690290332 0.006400484
0.683587015 0.107008137 0.721982062 -0.006104954 -0.167461500 0.985800028 0.012446129 0.012917196 -0.710398138 -0.129412204 0.691799819 0.005650808
0.689713299 0.112934336 0.715221226 -0.007826105 -0.175161526 0.984447598 0.013468978 0.012715419 -0.702576697 -0.134568930 0.698768377 0.004582484
0.712656617 0.106906518 0.693319082 -0.009591400 -0.159438625 0.987138808 0.011673462 0.012229659 -0.683154345 -0.118860990 0.720536172 0.003023868
0.725958943 0.109426640 0.678976715 -0.011201132 -0.159255385 0.987174153 0.011178187 0.011836718 -0.669045031 -0.116245605 0.734074712 0.001421023
0.744136274 0.106630258 0.659462810 -0.012195904 -0.157034755 0.987437487 0.017536366 0.011830233 -0.649308324 -0.116608016 0.751532614 0.000081559
0.755095541 0.106169604 0.646961331 -0.012526237 -0.157827139 0.987217188 0.022199295 0.011847322 -0.636334300 -0.118870631 0.762199581 -0.000666994
0.771524370 0.100073658 0.628279626 -0.012732318 -0.162251562 0.985846043 0.042216655 0.011865179 -0.615162253 -0.134510532 0.776841342 -0.001355703
0.783079207 0.090803064 0.615257502 -0.012731997 -0.161096707 0.985134363 0.059646938 0.011735951 -0.600695252 -0.145824239 0.786066353 -0.001409098
0.785713375 0.084096886 0.612847567 -0.012696089 -0.166784123 0.982826471 0.078962319 0.011533266 -0.595682383 -0.164254993 0.786245823 -0.001309646
0.779238403 0.084210448 0.621044576 -0.012351028 -0.175833642 0.980508268 0.087670423 0.011737164 -0.601556718 -0.177516669 0.778856456 -0.001275648
0.764136612 0.076418646 0.640511751 -0.011340836 -0.181981087 0.978162766 0.100401811 0.011670061 -0.618852079 -0.193281710 0.761356831 -0.000333868
0.754380703 0.071963273 0.652480602 -0.011067977 -0.181615412 0.978054166 0.102107517 0.011796143 -0.630813420 -0.195528477 0.750894666 0.000058603
0.740321457 0.066378385 0.668967903 -0.010092625 -0.188785732 0.975596964 0.112118348 0.011849325 -0.645200849 -0.209295213 0.734786630 0.001321389
0.728574336 0.068299927 0.681553066 -0.009898996 -0.204207346 0.971427321 0.120946944 0.011965674 -0.653818846 -0.227296919 0.721704304 0.001987317
0.722240627 0.063696414 0.688702583 -0.009348366 -0.203851148 0.971122086 0.123961419 0.012144363 -0.660918474 -0.229922786 0.714368463 0.002713605
0.717164934 0.067979261 0.693580091 -0.008587705 -0.209284201 0.970302463 0.121299371 0.012478535 -0.664736509 -0.232147008 0.710093737 0.003187702
0.712186337 0.068330787 0.698656857 -0.007944412 -0.209036887 0.970744967 0.118143059 0.012562397 -0.670144916 -0.230184972 0.705634892 0.003935526
0.708974957 0.070035569 0.701747417 -0.006977764 -0.204154760 0.972832680 0.109167054 0.012821287 -0.675037324 -0.220661804 0.704011977 0.004737403
0.709630549 0.068592444 0.701227129 -0.006856770 -0.195201904 0.975431383 0.102126658 0.012839175 -0.676993906 -0.209353089 0.705585182 0.004863933
0.710575402 0.071709059 0.699957490 -0.007158599 -0.193441302 0.976369500 0.096348837 0.012987480 -0.676508009 -0.203863844 0.707655609 0.004635809
0.714658678 0.078041427 0.695106030 -0.007960901 -0.199042693 0.975362301 0.095135003 0.012687833 -0.670555592 -0.206344843 0.712584674 0.003963399
0.726554871 0.085170709 0.681809425 -0.008677702 -0.200730935 0.975310326 0.092069902 0.012491063 -0.657134175 -0.203754053 0.725712776 0.003223967
0.740813553 0.089020759 0.665785670 -0.009201438 -0.193917960 0.977320075 0.085095368 0.012412146 -0.643110454 -0.192147583 0.741274714 0.002248626
0.763996899 0.087839141 0.639212787 -0.009755963 -0.176479086 0.981360197 0.076074235 0.012015052 -0.620615721 -0.170928121 0.765257955 0.001358662
0.784567058 0.099662274 0.611981928 -0.011237089 -0.174575388 0.982575119 0.063793436 0.012188545 -0.594960451 -0.156887218 0.788294554 -0.000140931
0.811751246 0.094652653 0.576281786 -0.011546578 -0.159700781 0.985143721 0.063147642 0.011857752 -0.561743200 -0.143292829 0.814807713 -0.001368255
0.829927087 0.086676121 0.551097333 -0.011964792 -0.146062359 0.987157106 0.064703889 0.011948030 -0.538411438 -0.134194121 0.831928492 -0.002612723
0.849098027 0.080849044 0.522011518 -0.013155218 -0.147461057 0.985210299 0.087269254 0.011632941 -0.507235467 -0.151076466 0.848462164 -0.003579562
0.865830660 0.089394718 0.492286325 -0.012621659 -0.157318607 0.982648253 0.098251179 0.012624487 -0.474961162 -0.162514687 0.864870429 -0.003373321
0.881005406 0.080047145 0.466285080 -0.013045645 -0.145994529 0.983480811 0.107009970 0.012535688 -0.450016618 -0.162351444 0.878138423 -0.004001264
0.889520228 0.089002743 0.448142946 -0.013560890 -0.155410305 0.981298149 0.113585211 0.013601697 -0.429652452 -0.170682371 0.886716485 -0.004644441
0.902951121 0.061105214 0.425376862 -0.013722489 -0.119699419 0.986428499 0.112386920 0.013854663 -0.412736446 -0.152397290 0.898010969 -0.005001600
0.908942699 0.053242769 0.413507223 -0.014622752 -0.106081054 0.988704741 0.105875365 0.013680142 -0.403199464 -0.140099913 0.904324174 -0.006039470
0.911987364 0.050217252 0.407132953 -0.014352350 -0.100558214 0.989564776 0.103196226 0.013563887 -0.397702307 -0.135054201 0.907520413 -0.005854554
0.912741065 0.046970345 0.405829310 -0.015289450 -0.095073603 0.990516603 0.099186286 0.013615658 -0.397321820 -0.129115060 0.908550858 -0.006684640
0.918614388 0.036264639 0.393487871 -0.015727295 -0.076525412 0.993254900 0.087111458 0.013303595 -0.387674719 -0.110133655 0.915193379 -0.008046912
0.917873800 0.047277927 0.394046217 -0.015284123 -0.089739382 0.991887927 0.090027511 0.013232514 -0.386593521 -0.117995359 0.914670646 -0.007337178
0.918209672 0.068482719 0.390129417 -0.014165290 -0.117790550 0.987591028 0.103872024 0.012711026 -0.378174841 -0.141329840 0.914882302 -0.007500978
0.918897748 0.102234013 0.381018311 -0.012098284 -0.156100273 0.981235147 0.113182485 0.012329526 -0.362297565 -0.163480207 0.917613626 -0.008294224
0.918637156 0.129253000 0.373362362 -0.009671023 -0.185966492 0.975206017 0.119957000 0.012409355 -0.348600417 -0.179629847 0.919897199 -0.008449087
0.921837628 0.128806531 0.365546376 -0.008394424 -0.189967781 0.972259462 0.136469990 0.012682272 -0.337827533 -0.195245221 0.920734406 -0.008232594
0.927908957 0.121084541 0.352595359 -0.008089179 -0.183658391 0.971525073 0.149694428 0.012460846 -0.324429601 -0.203659907 0.923725069 -0.008220929
0.932742834 0.105945490 0.344624937 -0.008334782 -0.166794062 0.974214494 0.151939973 0.012267504 -0.319641262 -0.199202329 0.926362753 -0.008416338
0.939982355 0.083761618 0.330782741 -0.008541016 -0.136660367 0.980672657 0.140018165 0.011939428 -0.312661439 -0.176819488 0.933261871 -0.009111337
0.951269865 0.071736217 0.299899131 -0.009329756 -0.119575091 0.982278824 0.144325793 0.011289625 -0.284231275 -0.173153266 0.942990243 -0.011131564
0.954991341 0.072076894 0.287743568 -0.009301191 -0.114480332 0.984433830 0.133357599 0.011327963 -0.273652464 -0.160296366 0.948377252 -0.011742142
0.952847838 0.068096407 0.295709044 -0.009442301 -0.110631019 0.985379875 0.129565522 0.011362380 -0.282562822 -0.156170830 0.946450710 -0.011941732
0.947359085 0.088132389 0.307804316 -0.009437429 -0.135139883 0.981603861 0.134874433 0.011480298 -0.290255040 -0.169371128 0.941841483 -0.012258852
0.948261142 0.071603030 0.309311807 -0.009297349 -0.123121351 0.980932057 0.150377378 0.011435405 -0.292646378 -0.180679858 0.938995600 -0.012083102
0.948887348 0.058379296 0.310168862 -0.010212792 -0.109957173 0.982322931 0.151497021 0.011178217 -0.295841604 -0.177858904 0.938532889 -0.013255679
0.955740571 0.038419142 0.291691124 -0.012111133 -0.083463714 0.986111283 0.143590644 0.010793810 -0.282123297 -0.161581025 0.945673287 -0.016457740
0.958990753 -0.003849562 0.283411264 -0.014905445 -0.035856035 0.990226865 0.134777740 0.009868001 -0.281160295 -0.139412656 0.949480295 -0.020383483
0.963910639 -0.031490065 0.264357388 -0.016259229 -0.003517053 0.991386950 0.130917370 0.008648501 -0.266203016 -0.127122387 0.955497682 -0.022478739
0.963910639 -0.031490065 0.264357388 -0.016259229 -0.003517053 0.991386950 0.130917370 0.008648501 -0.266203016 -0.127122387 0.955497682 -0.022478739
0.963910639 -0.031490065 0.264357388 -0.016259229 -0.003517053 0.991386950 0.130917370 0.008648501 -0.266203016 -0.127122387 0.955497682 -0.022478739
0.963910639 -0.031490065 0.264357388 -0.016259229 -0.003517053 0.991386950 0.130917370 0.008648501 -0.266203016 -0.127122387 0.955497682 -0.022478739
0.963910639 -0.031490065 0.264357388 -0.016259229 -0.003517053 0.991386950 0.130917370 0.008648501 -0.266203016 -0.127122387 0.955497682 -0.022478739
0.963910639 -0.031490065 0.264357388 -0.016259229 -0.003517053 0.991386950 0.130917370 0.008648501 -0.266203016 -0.127122387 0.955497682 -0.022478739
0.963910639 -0.031490065 0.264357388 -0.016259229 -0.003517053 0.991386950 0.130917370 0.008648501 -0.266203016 -0.127122387 0.955497682 -0.022478739
0.963910639 -0.031490065 0.264357388 -0.016259229 -0.003517053 0.991386950 0.130917370 0.008648501 -0.266203016 -0.127122387 0.955497682 -0.022478739
0.963910639 -0.031490065 0.264357388 -0.016259229 -0.003517053 0.991386950 0.130917370 0.008648501 -0.266203016 -0.127122387 0.955497682 -0.022478739
0.963910639 -0.031490065 0.264357388 -0.016259229 -0.003517053 0.991386950 0.130917370 0.008648501 -0.266203016 -0.127122387 0.955497682 -0.022478739
0.963910639 -0.031490065 0.264357388 -0.016259229 -0.003517053 0.991386950 0.130917370 0.008648501 -0.266203016 -0.127122387 0.955497682 -0.022478739
0.963910639 -0.031490065 0.264357388 -0.016259229 -0.003517053 0.991386950 0.130917370 0.008648501 -0.266203016 -0.127122387 0.955497682 -0.022478739
0.963910639 -0.031490065 0.264357388 -0.016259229 -0.003517053 0.991386950 0.130917370 0.008648501 -0.266203016 -0.127122387 0.955497682 -0.022478739
0.963910639 -0.031490065 0.264357388 -0.016259229 -0.003517053 0.991386950 0.130917370 0.008648501 -0.266203016 -0.127122387 0.955497682 -0.022478739
0.963910639 -0.031490065 0.264357388 -0.016259229 -0.003517053 0.991386950 0.130917370 0.008648501 -0.266203016 -0.127122387 0.955497682 -0.022478739
0.963910639 -0.031490065 0.264357388 -0.016259229 -0.003517053 0.991386950 0.130917370 0.008648501 -0.266203016 -0.127122387 0.955497682 -0.022478739
0.963910639 -0.031490065 0.264357388 -0.016259229 -0.003517053 0.991386950 0.130917370 0.008648501 -0.266203016 -0.127122387 0.955497682 -0.022478739
0.963910639 -0.031490065 0.264357388 -0.016259229 -0.003517053 0.991386950 0.130917370 0.008648501 -0.266203016 -0.127122387 0.955497682 -0.022478739
0.963910639 -0.031490065 0.264357388 -0.016259229 -0.003517053 0.991386950 0.130917370 0.008648501 -0.266203016 -0.127122387 0.955497682 -0.022478739
0.963910639 -0.031490065 0.264357388 -0.016259229 -0.003517053 0.991386950 0.130917370 0.008648501 -0.266203016 -0.127122387 0.955497682 -0.022478739
0.963910639 -0.031490065 0.264357388 -0.016259229 -0.003517053 0.991386950 0.130917370 0.008648501 -0.266203016 -0.127122387 0.955497682 -0.022478739
0.963910639 -0.031490065 0.264357388 -0.016259229 -0.003517053 0.991386950 0.130917370 0.008648501 -0.266203016 -0.127122387 0.955497682 -0.022478739
0.963910639 -0.031490065 0.264357388 -0.016259229 -0.003517053 0.991386950 0.130917370 0.008648501 -0.266203016 -0.127122387 0.955497682 -0.022478739
0.963910639 -0.031490065 0.264357388 -0.016259229 -0.003517053 0.991386950 0.130917370 0.008648501 -0.266203016 -0.127122387 0.955497682 -0.022478739
0.963910639 -0.031490065 0.264357388 -0.016259229 -0.003517053 0.991386950 0.130917370 0.008648501 -0.266203016 -0.127122387 0.955497682 -0.022478739
0.963910639 -0.031490065 0.264357388 -0.016259229 -0.003517053 0.991386950 0.130917370 0.008648501 -0.266203016 -0.127122387 0.955497682 -0.022478739
0.963910639 -0.031490065 0.264357388 -0.016259229 -0.003517053 0.991386950 0.130917370 0.008648501 -0.266203016 -0.127122387 0.955497682 -0.022478739
0.963910639 -0.031490065 0.264357388 -0.016259229 -0.003517053 0.991386950 0.130917370 0.008648501 -0.266203016 -0.127122387 0.955497682 -0.022478739
0.963910639 -0.031490065 0.264357388 -0.016259229 -0.003517053 0.991386950 0.130917370 0.008648501 -0.266203016 -0.127122387 0.955497682 -0.022478739
0.963910639 -0.031490065 0.264357388 -0.016259229 -0.003517053 0.991386950 0.130917370 0.008648501 -0.266203016 -0.127122387 0.955497682 -0.022478739
0.963910639 -0.031490065 0.264357388 -0.016259229 -0.003517053 0.991386950 0.130917370 0.008648501 -0.266203016 -0.127122387 0.955497682 -0.022478739
0.963910639 -0.031490065 0.264357388 -0.016259229 -0.003517053 0.991386950 0.130917370 0.008648501 -0.266203016 -0.127122387 0.955497682 -0.022478739
0.963910639 -0.031490065 0.264357388 -0.016259229 -0.003517053 0.991386950 0.130917370 0.008648501 -0.266203016 -0.127122387 0.955497682 -0.022478739
0.963910639 -0.031490065 0.264357388 -0.016259229 -0.003517053 0.991386950 0.130917370 0.008648501 -0.266203016 -0.127122387 0.955497682 -0.022478739
0.963910639 -0.031490065 0.264357388 -0.016259229 -0.003517053 0.991386950 0.130917370 0.008648501 -0.266203016 -0.127122387 0.955497682 -0.022478739
0.963910639 -0.031490065 0.264357388 -0.016259229 -0.003517053 0.991386950 0.130917370 0.008648501 -0.266203016 -0.127122387 0.955497682 -0.022478739
0.963910639 -0.031490065 0.264357388 -0.016259229 -0.003517053 0.991386950 0.130917370 0.008648501 -0.266203016 -0.127122387 0.955497682 -0.022478739
0.963910639 -0.031490065 0.264357388 -0.016259229 -0.003517053 0.991386950 0.130917370 0.008648501 -0.266203016 -0.127122387 0.955497682 -0.022478739
0.963910639 -0.031490065 0.264357388 -0.016259229 -0.003517053 0.991386950 0.130917370 0.008648501 -0.266203016 -0.127122387 0.955497682 -0.022478739
0.963910639 -0.031490065 0.264357388 -0.016259229 -0.003517053 0.991386950 0.130917370 0.008648501 -0.266203016 -0.127122387 0.955497682 -0.022478739
0.963910639 -0.031490065 0.264357388 -0.016259229 -0.003517053 0.991386950 0.130917370 0.008648501 -0.266203016 -0.127122387 0.955497682 -0.022478739
0.963910639 -0.031490065 0.264357388 -0.016259229 -0.003517053 0.991386950 0.130917370 0.008648501 -0.266203016 -0.127122387 0.955497682 -0.022478739
0.963910639 -0.031490065 0.264357388 -0.016259229 -0.003517053 0.991386950 0.130917370 0.008648501 -0.266203016 -0.127122387 0.955497682 -0.022478739
0.963910639 -0.031490065 0.264357388 -0.016259229 -0.003517053 0.991386950 0.130917370 0.008648501 -0.266203016 -0.127122387 0.955497682 -0.022478739
0.963910639 -0.031490065 0.264357388 -0.016259229 -0.003517053 0.991386950 0.130917370 0.008648501 -0.266203016 -0.127122387 0.955497682 -0.022478739
0.963910639 -0.031490065 0.264357388 -0.016259229 -0.003517053 0.991386950 0.130917370 0.008648501 -0.266203016 -0.127122387 0.955497682 -0.022478739
0.963910639 -0.031490065 0.264357388 -0.016259229 -0.003517053 0.991386950 0.130917370 0.008648501 -0.266203016 -0.127122387 0.955497682 -0.022478739
0.963910639 -0.031490065 0.264357388 -0.016259229 -0.003517053 0.991386950 0.130917370 0.008648501 -0.266203016 -0.127122387 0.955497682 -0.022478739
0.963910639 -0.031490065 0.264357388 -0.016259229 -0.003517053 0.991386950 0.130917370 0.008648501 -0.266203016 -0.127122387 0.955497682 -0.022478739
0.963910639 -0.031490065 0.264357388 -0.016259229 -0.003517053 0.991386950 0.130917370 0.008648501 -0.266203016 -0.127122387 0.955497682 -0.022478739
0.963910639 -0.031490065 0.264357388 -0.016259229 -0.003517053 0.991386950 0.130917370 0.008648501 -0.266203016 -0.127122387 0.955497682 -0.022478739
0.963910639 -0.031490065 0.264357388 -0.016259229 -0.003517053 0.991386950 0.130917370 0.008648501 -0.266203016 -0.127122387 0.955497682 -0.022478739
0.963910639 -0.031490065 0.264357388 -0.016259229 -0.003517053 0.991386950 0.130917370 0.008648501 -0.266203016 -0.127122387 0.955497682 -0.022478739
0.963910639 -0.031490065 0.264357388 -0.016259229 -0.003517053 0.991386950 0.130917370 0.008648501 -0.266203016 -0.127122387 0.955497682 -0.022478739
0.963910639 -0.031490065 0.264357388 -0.016259229 -0.003517053 0.991386950 0.130917370 0.008648501 -0.266203016 -0.127122387 0.955497682 -0.022478739
0.963910639 -0.031490065 0.264357388 -0.016259229 -0.003517053 0.991386950 0.130917370 0.008648501 -0.266203016 -0.127122387 0.955497682 -0.022478739
0.963910639 -0.031490065 0.264357388 -0.016259229 -0.003517053 0.991386950 0.130917370 0.008648501 -0.266203016 -0.127122387 0.955497682 -0.022478739
0.963910639 -0.031490065 0.264357388 -0.016259229 -0.003517053 0.991386950 0.130917370 0.008648501 -0.266203016 -0.127122387 0.955497682 -0.022478739
0.963910639 -0.031490065 0.264357388 -0.016259229 -0.003517053 0.991386950 0.130917370 0.008648501 -0.266203016 -0.127122387 0.955497682 -0.022478739
0.963910639 -0.031490065 0.264357388 -0.016259229 -0.003517053 0.991386950 0.130917370 0.008648501 -0.266203016 -0.127122387 0.955497682 -0.022478739
0.963910639 -0.031490065 0.264357388 -0.016259229 -0.003517053 0.991386950 0.130917370 0.008648501 -0.266203016 -0.127122387 0.955497682 -0.022478739
0.963910639 -0.031490065 0.264357388 -0.016259229 -0.003517053 0.991386950 0.130917370 0.008648501 -0.266203016 -0.127122387 0.955497682 -0.022478739
0.963910639 -0.031490065 0.264357388 -0.016259229 -0.003517053 0.991386950 0.130917370 0.008648501 -0.266203016 -0.127122387 0.955497682 -0.022478739
0.963910639 -0.031490065 0.264357388 -0.016259229 -0.003517053 0.991386950 0.130917370 0.008648501 -0.266203016 -0.127122387 0.955497682 -0.022478739
0.963910639 -0.031490065 0.264357388 -0.016259229 -0.003517053 0.991386950 0.130917370 0.008648501 -0.266203016 -0.127122387 0.955497682 -0.022478739
0.963910639 -0.031490065 0.264357388 -0.016259229 -0.003517053 0.991386950 0.130917370 0.008648501 -0.266203016 -0.127122387 0.955497682 -0.022478739
0.963910639 -0.031490065 0.264357388 -0.016259229 -0.003517053 0.991386950 0.130917370 0.008648501 -0.266203016 -0.127122387 0.955497682 -0.022478739
0.963910639 -0.031490065 0.264357388 -0.016259229 -0.003517053 0.991386950 0.130917370 0.008648501 -0.266203016 -0.127122387 0.955497682 -0.022478739
0.963910639 -0.031490065 0.264357388 -0.016259229 -0.003517053 0.991386950 0.130917370 0.008648501 -0.266203016 -0.127122387 0.955497682 -0.022478739
0.963910639 -0.031490065 0.264357388 -0.016259229 -0.003517053 0.991386950 0.130917370 0.008648501 -0.266203016 -0.127122387 0.955497682 -0.022478739
0.963910639 -0.031490065 0.264357388 -0.016259229 -0.003517053 0.991386950 0.130917370 0.008648501 -0.266203016 -0.127122387 0.955497682 -0.022478739
0.963910639 -0.031490065 0.264357388 -0.016259229 -0.003517053 0.991386950 0.130917370 0.008648501 -0.266203016 -0.127122387 0.955497682 -0.022478739
0.963910639 -0.031490065 0.264357388 -0.016259229 -0.003517053 0.991386950 0.130917370 0.008648501 -0.266203016 -0.127122387 0.955497682 -0.022478739
0.963910639 -0.031490065 0.264357388 -0.016259229 -0.003517053 0.991386950 0.130917370 0.008648501 -0.266203016 -0.127122387 0.955497682 -0.022478739
0.963910639 -0.031490065 0.264357388 -0.016259229 -0.003517053 0.991386950 0.130917370 0.008648501 -0.266203016 -0.127122387 0.955497682 -0.022478739
0.963910639 -0.031490065 0.264357388 -0.016259229 -0.003517053 0.991386950 0.130917370 0.008648501 -0.266203016 -0.127122387 0.955497682 -0.022478739
0.963910639 -0.031490065 0.264357388 -0.016259229 -0.003517053 0.991386950 0.130917370 0.008648501 -0.266203016 -0.127122387 0.955497682 -0.022478739
0.963910639 -0.031490065 0.264357388 -0.016259229 -0.003517053 0.991386950 0.130917370 0.008648501 -0.266203016 -0.127122387 0.955497682 -0.022478739
0.963910639 -0.031490065 0.264357388 -0.016259229 -0.003517053 0.991386950 0.130917370 0.008648501 -0.266203016 -0.127122387 0.955497682 -0.022478739
0.963910639 -0.031490065 0.264357388 -0.016259229 -0.003517053 0.991386950 0.130917370 0.008648501 -0.266203016 -0.127122387 0.955497682 -0.022478739
0.963910639 -0.031490065 0.264357388 -0.016259229 -0.003517053 0.991386950 0.130917370 0.008648501 -0.266203016 -0.127122387 0.955497682 -0.022478739
0.963910639 -0.031490065 0.264357388 -0.016259229 -0.003517053 0.991386950 0.130917370 0.008648501 -0.266203016 -0.127122387 0.955497682 -0.022478739
0.963910639 -0.031490065 0.264357388 -0.016259229 -0.003517053 0.991386950 0.130917370 0.008648501 -0.266203016 -0.127122387 0.955497682 -0.022478739
0.963910639 -0.031490065 0.264357388 -0.016259229 -0.003517053 0.991386950 0.130917370 0.008648501 -0.266203016 -0.127122387 0.955497682 -0.022478739
0.963910639 -0.031490065 0.264357388 -0.016259229 -0.003517053 0.991386950 0.130917370 0.008648501 -0.266203016 -0.127122387 0.955497682 -0.022478739
0.963910639 -0.031490065 0.264357388 -0.016259229 -0.003517053 0.991386950 0.130917370 0.008648501 -0.266203016 -0.127122387 0.955497682 -0.022478739
0.963910639 -0.031490065 0.264357388 -0.016259229 -0.003517053 0.991386950 0.130917370 0.008648501 -0.266203016 -0.127122387 0.955497682 -0.022478739
0.963910639 -0.031490065 0.264357388 -0.016259229 -0.003517053 0.991386950 0.130917370 0.008648501 -0.266203016 -0.127122387 0.955497682 -0.022478739
0.963910639 -0.031490065 0.264357388 -0.016259229 -0.003517053 0.991386950 0.130917370 0.008648501 -0.266203016 -0.127122387 0.955497682 -0.022478739
0.963910639 -0.031490065 0.264357388 -0.016259229 -0.003517053 0.991386950 0.130917370 0.008648501 -0.266203016 -0.127122387 0.955497682 -0.022478739
0.963910639 -0.031490065 0.264357388 -0.016259229 -0.003517053 0.991386950 0.130917370 0.008648501 -0.266203016 -0.127122387 0.955497682 -0.022478739
0.963910639 -0.031490065 0.264357388 -0.016259229 -0.003517053 0.991386950 0.130917370 0.008648501 -0.266203016 -0.127122387 0.955497682 -0.022478739
0.963910639 -0.031490065 0.264357388 -0.016259229 -0.003517053 0.991386950 0.130917370 0.008648501 -0.266203016 -0.127122387 0.955497682 -0.022478739
0.963910639 -0.031490065 0.264357388 -0.016259229 -0.003517053 0.991386950 0.130917370 0.008648501 -0.266203016 -0.127122387 0.955497682 -0.022478739
0.963910639 -0.031490065 0.264357388 -0.016259229 -0.003517053 0.991386950 0.130917370 0.008648501 -0.266203016 -0.127122387 0.955497682 -0.022478739
0.963910639 -0.031490065 0.264357388 -0.016259229 -0.003517053 0.991386950 0.130917370 0.008648501 -0.266203016 -0.127122387 0.955497682 -0.022478739
0.963910639 -0.031490065 0.264357388 -0.016259229 -0.003517053 0.991386950 0.130917370 0.008648501 -0.266203016 -0.127122387 0.955497682 -0.022478739
0.963910639 -0.031490065 0.264357388 -0.016259229 -0.003517053 0.991386950 0.130917370 0.008648501 -0.266203016 -0.127122387 0.955497682 -0.022478739
0.963910639 -0.031490065 0.264357388 -0.016259229 -0.003517053 0.991386950 0.130917370 0.008648501 -0.266203016 -0.127122387 0.955497682 -0.022478739
0.963910639 -0.031490065 0.264357388 -0.016259229 -0.003517053 0.991386950 0.130917370 0.008648501 -0.266203016 -0.127122387 0.955497682 -0.022478739
0.963910639 -0.031490065 0.264357388 -0.016259229 -0.003517053 0.991386950 0.130917370 0.008648501 -0.266203016 -0.127122387 0.955497682 -0.022478739
0.963910639 -0.031490065 0.264357388 -0.016259229 -0.003517053 0.991386950 0.130917370 0.008648501 -0.266203016 -0.127122387 0.955497682 -0.022478739
0.963910639 -0.031490065 0.264357388 -0.016259229 -0.003517053 0.991386950 0.130917370 0.008648501 -0.266203016 -0.127122387 0.955497682 -0.022478739
0.963910639 -0.031490065 0.264357388 -0.016259229 -0.003517053 0.991386950 0.130917370 0.008648501 -0.266203016 -0.127122387 0.955497682 -0.022478739
0.963910639 -0.031490065 0.264357388 -0.016259229 -0.003517053 0.991386950 0.130917370 0.008648501 -0.266203016 -0.127122387 0.955497682 -0.022478739
0.963910639 -0.031490065 0.264357388 -0.016259229 -0.003517053 0.991386950 0.130917370 0.008648501 -0.266203016 -0.127122387 0.955497682 -0.022478739
0.963910639 -0.031490065 0.264357388 -0.016259229 -0.003517053 0.991386950 0.130917370 0.008648501 -0.266203016 -0.127122387 0.955497682 -0.022478739
0.963910639 -0.031490065 0.264357388 -0.016259229 -0.003517053 0.991386950 0.130917370 0.008648501 -0.266203016 -0.127122387 0.955497682 -0.022478739
0.963910639 -0.031490065 0.264357388 -0.016259229 -0.003517053 0.991386950 0.130917370 0.008648501 -0.266203016 -0.127122387 0.955497682 -0.022478739
0.963910639 -0.031490065 0.264357388 -0.016259229 -0.003517053 0.991386950 0.130917370 0.008648501 -0.266203016 -0.127122387 0.955497682 -0.022478739
0.963910639 -0.031490065 0.264357388 -0.016259229 -0.003517053 0.991386950 0.130917370 0.008648501 -0.266203016 -0.127122387 0.955497682 -0.022478739
0.963910639 -0.031490065 0.264357388 -0.016259229 -0.003517053 0.991386950 0.130917370 0.008648501 -0.266203016 -0.127122387 0.955497682 -0.022478739
0.963910639 -0.031490065 0.264357388 -0.016259229 -0.003517053 0.991386950 0.130917370 0.008648501 -0.266203016 -0.127122387 0.955497682 -0.022478739
0.963910639 -0.031490065 0.264357388 -0.016259229 -0.003517053 0.991386950 0.130917370 0.008648501 -0.266203016 -0.127122387 0.955497682 -0.022478739
0.963910639 -0.031490065 0.264357388 -0.016259229 -0.003517053 0.991386950 0.130917370 0.008648501 -0.266203016 -0.127122387 0.955497682 -0.022478739
0.963910639 -0.031490065 0.264357388 -0.016259229 -0.003517053 0.991386950 0.130917370 0.008648501 -0.266203016 -0.127122387 0.955497682 -0.022478739
0.963910639 -0.031490065 0.264357388 -0.016259229 -0.003517053 0.991386950 0.130917370 0.008648501 -0.266203016 -0.127122387 0.955497682 -0.022478739
0.963910639 -0.031490065 0.264357388 -0.016259229 -0.003517053 0.991386950 0.130917370 0.008648501 -0.266203016 -0.127122387 0.955497682 -0.022478739
0.963910639 -0.031490065 0.264357388 -0.016259229 -0.003517053 0.991386950 0.130917370 0.008648501 -0.266203016 -0.127122387 0.955497682 -0.022478739
0.963910639 -0.031490065 0.264357388 -0.016259229 -0.003517053 0.991386950 0.130917370 0.008648501 -0.266203016 -0.127122387 0.955497682 -0.022478739
0.963910639 -0.031490065 0.264357388 -0.016259229 -0.003517053 0.991386950 0.130917370 0.008648501 -0.266203016 -0.127122387 0.955497682 -0.022478739
0.963910639 -0.031490065 0.264357388 -0.016259229 -0.003517053 0.991386950 0.130917370 0.008648501 -0.266203016 -0.127122387 0.955497682 -0.022478739
0.963910639 -0.031490065 0.264357388 -0.016259229 -0.003517053 0.991386950 0.130917370 0.008648501 -0.266203016 -0.127122387 0.955497682 -0.022478739
0.963910639 -0.031490065 0.264357388 -0.016259229 -0.003517053 0.991386950 0.130917370 0.008648501 -0.266203016 -0.127122387 0.955497682 -0.022478739
0.963910639 -0.031490065 0.264357388 -0.016259229 -0.003517053 0.991386950 0.130917370 0.008648501 -0.266203016 -0.127122387 0.955497682 -0.022478739
0.963910639 -0.031490065 0.264357388 -0.016259229 -0.003517053 0.991386950 0.130917370 0.008648501 -0.266203016 -0.127122387 0.955497682 -0.022478739
0.963910639 -0.031490065 0.264357388 -0.016259229 -0.003517053 0.991386950 0.130917370 0.008648501 -0.266203016 -0.127122387 0.955497682 -0.022478739
0.963910639 -0.031490065 0.264357388 -0.016259229 -0.003517053 0.991386950 0.130917370 0.008648501 -0.266203016 -0.127122387 0.955497682 -0.022478739
0.963910639 -0.031490065 0.264357388 -0.016259229 -0.003517053 0.991386950 0.130917370 0.008648501 -0.266203016 -0.127122387 0.955497682 -0.022478739
0.963910639 -0.031490065 0.264357388 -0.016259229 -0.003517053 0.991386950 0.130917370 0.008648501 -0.266203016 -0.127122387 0.955497682 -0.022478739
0.963910639 -0.031490065 0.264357388 -0.016259229 -0.003517053 0.991386950 0.130917370 0.008648501 -0.266203016 -0.127122387 0.955497682 -0.022478739
0.963910639 -0.031490065 0.264357388 -0.016259229 -0.003517053 0.991386950 0.130917370 0.008648501 -0.266203016 -0.127122387 0.955497682 -0.022478739
0.963910639 -0.031490065 0.264357388 -0.016259229 -0.003517053 0.991386950 0.130917370 0.008648501 -0.266203016 -0.127122387 0.955497682 -0.022478739
0.963910639 -0.031490065 0.264357388 -0.016259229 -0.003517053 0.991386950 0.130917370 0.008648501 -0.266203016 -0.127122387 0.955497682 -0.022478739
0.963910639 -0.031490065 0.264357388 -0.016259229 -0.003517053 0.991386950 0.130917370 0.008648501 -0.266203016 -0.127122387 0.955497682 -0.022478739
0.963910639 -0.031490065 0.264357388 -0.016259229 -0.003517053 0.991386950 0.130917370 0.008648501 -0.266203016 -0.127122387 0.955497682 -0.022478739
0.963910639 -0.031490065 0.264357388 -0.016259229 -0.003517053 0.991386950 0.130917370 0.008648501 -0.266203016 -0.127122387 0.955497682 -0.022478739
0.963910639 -0.031490065 0.264357388 -0.016259229 -0.003517053 0.991386950 0.130917370 0.008648501 -0.266203016 -0.127122387 0.955497682 -0.022478739
0.963910639 -0.031490065 0.264357388 -0.016259229 -0.003517053 0.991386950 0.130917370 0.008648501 -0.266203016 -0.127122387 0.955497682 -0.022478739
0.963910639 -0.031490065 0.264357388 -0.016259229 -0.003517053 0.991386950 0.130917370 0.008648501 -0.266203016 -0.127122387 0.955497682 -0.022478739
0.963910639 -0.031490065 0.264357388 -0.016259229 -0.003517053 0.991386950 0.130917370 0.008648501 -0.266203016 -0.127122387 0.955497682 -0.022478739
0.963910639 -0.031490065 0.264357388 -0.016259229 -0.003517053 0.991386950 0.130917370 0.008648501 -0.266203016 -0.127122387 0.955497682 -0.022478739
0.963910639 -0.031490065 0.264357388 -0.016259229 -0.003517053 0.991386950 0.130917370 0.008648501 -0.266203016 -0.127122387 0.955497682 -0.022478739
0.963910639 -0.031490065 0.264357388 -0.016259229 -0.003517053 0.991386950 0.130917370 0.008648501 -0.266203016 -0.127122387 0.955497682 -0.022478739
0.963910639 -0.031490065 0.264357388 -0.016259229 -0.003517053 0.991386950 0.130917370 0.008648501 -0.266203016 -0.127122387 0.955497682 -0.022478739
0.963910639 -0.031490065 0.264357388 -0.016259229 -0.003517053 0.991386950 0.130917370 0.008648501 -0.266203016 -0.127122387 0.955497682 -0.022478739
0.963910639 -0.031490065 0.264357388 -0.016259229 -0.003517053 0.991386950 0.130917370 0.008648501 -0.266203016 -0.127122387 0.955497682 -0.022478739
0.963910639 -0.031490065 0.264357388 -0.016259229 -0.003517053 0.991386950 0.130917370 0.008648501 -0.266203016 -0.127122387 0.955497682 -0.022478739
