1.000000000 0.000000000 0.000000000 0.000000000 0.000000000 1.000000000 0.000000000 0.000000000 0.000000000 0.000000000 1.000000000 0.000000000
0.999988794 0.003568084 -0.003118378 0.000044355 -0.003572039 0.999992847 -0.001263400 0.000198040 0.003113847 0.001274525 0.999994338 0.000214060
0.999975979 0.003536441 -0.005961974 0.000010286 -0.003548411 0.999991715 -0.001998447 0.000090726 0.005954857 0.002019554 0.999980211 -0.000418188
0.999964714 0.001670336 -0.008235971 -0.000107924 -0.001696222 0.999993622 -0.003137029 0.000108922 0.008230678 0.003150889 0.999961138 -0.000566604
0.999937832 0.002156914 -0.010938085 0.000160150 -0.002194495 0.999991715 -0.003424964 0.000030235 0.010930607 0.003448755 0.999934316 -0.000205195
0.999918997 0.002939721 -0.012384308 0.000026391 -0.002985827 0.999988675 -0.003706039 0.000198634 0.012373273 0.003742716 0.999916434 0.000075697
0.999884188 0.002978417 -0.014924479 -0.000035623 -0.003039750 0.999987006 -0.004088555 -0.000038359 0.014912108 0.004133448 0.999880254 -0.000600797
0.999811590 0.003160710 -0.019150520 0.000360183 -0.003249335 0.999984145 -0.004598493 -0.000067166 0.019135680 0.004659853 0.999806046 -0.000565381
0.999754131 0.005000385 -0.021601345 -0.000023856 -0.005120518 0.999971688 -0.005509655 0.000053651 0.021573184 0.005618911 0.999751508 -0.000694925
0.999666870 0.004047962 -0.025489654 -0.000172720 -0.004198702 0.999974012 -0.005863007 -0.000150551 0.025465259 0.005968078 0.999657869 -0.001721327
0.999542117 0.004163705 -0.029970765 -0.000252290 -0.004365390 0.999968231 -0.006667093 -0.000064035 0.029942054 0.006794874 0.999528527 -0.001599905
0.999375105 0.003487619 -0.035173878 0.000130543 -0.003752949 0.999964952 -0.007480182 -0.000017119 0.035146561 0.007607514 0.999353230 -0.001346990
0.999268293 0.002200222 -0.038183719 -0.000209170 -0.002502164 0.999965966 -0.007861624 -0.000007847 0.038165122 0.007951413 0.999239802 -0.001531180
0.999076724 -0.000068445 -0.042961620 -0.000133843 -0.000297884 0.999963641 -0.008520423 -0.000032751 0.042960640 0.008525353 0.999040365 -0.001094685
0.998805225 0.000001518 -0.048868332 0.000094457 -0.000496146 0.999948800 -0.010109516 0.000226528 0.048865810 0.010121683 0.998754084 -0.001349660
0.998598456 0.000298814 -0.052925333 -0.000088035 -0.000802311 0.999954641 -0.009492346 -0.000144176 0.052920096 0.009521504 0.998553336 -0.001788294
0.998278141 0.000077995 -0.058658160 -0.000018583 -0.000802418 0.999923706 -0.012326460 0.000183920 0.058652721 0.012352305 0.998202026 -0.002094185
0.997990847 0.002118853 -0.063322395 0.000139516 -0.002907799 0.999919236 -0.012369633 -0.000007185 0.063291073 0.012528909 0.997916460 -0.001703506
0.997702301 0.001110486 -0.067741498 0.000046629 -0.002006847 0.999911308 -0.013165458 0.000206353 0.067720868 0.013271154 0.997616053 -0.000891056
0.997376442 -0.002471147 -0.072347231 -0.000124367 0.001437888 0.999896288 -0.014330541 -0.000079021 0.072375141 0.014188916 0.997276545 -0.001672008
0.997130513 -0.002512150 -0.075659767 -0.000186351 0.001607374 0.999926507 -0.012016999 -0.000723702 0.075684398 0.011860902 0.997061253 -0.002102291
0.996649802 -0.002013820 -0.081762478 0.000425777 0.000882801 0.999903440 -0.013866776 -0.000264713 0.081782512 0.013748139 0.996555388 -0.001410143
0.996434331 -0.001974107 -0.084348544 -0.000175301 0.000734562 0.999891341 -0.014724021 -0.000052669 0.084368445 0.014609561 0.996327519 -0.001718580
0.995991886 -0.005455605 -0.089276932 -0.000089928 0.003973145 0.999851406 -0.016774487 0.000192809 0.089355186 0.016352544 0.995865583 -0.000991334
0.995626032 -0.009224892 -0.092971459 -0.000155402 0.007718277 0.999833226 -0.016551699 0.000133010 0.093108639 0.015761724 0.995531201 -0.000752054
0.995276272 -0.010428845 -0.096521161 -0.000006483 0.008979909 0.999840558 -0.015433826 -0.000236183 0.096666723 0.014494170 0.995211244 -0.001687031
0.995028734 -0.009336703 -0.099149607 -0.000028359 0.007886394 0.999856234 -0.015009342 -0.000078852 0.099275477 0.014152792 0.994959474 -0.000614397
0.994733930 -0.009827517 -0.102020137 -0.000057392 0.008419472 0.999863327 -0.014223108 -0.000121353 0.102145992 0.013289250 0.994680643 -0.000635018
0.994441032 -0.010033295 -0.104815826 -0.000136221 0.008598605 0.999863207 -0.014130674 -0.000052743 0.104943268 0.013150853 0.994391263 -0.000641814
0.994159818 -0.010379043 -0.107416950 -0.000138201 0.008940133 0.999863803 -0.013868461 0.000008237 0.107546277 0.012827146 0.994117379 -0.000502357
0.993753552 -0.011869249 -0.110964172 -0.000071117 0.010487950 0.999860108 -0.013023598 -0.000007988 0.111103244 0.011778459 0.993739128 -0.000514837
0.993548512 -0.010755410 -0.112896539 -0.000040504 0.009429074 0.999880254 -0.012275656 -0.000023495 0.113015041 0.011131952 0.993530929 -0.000380676
0.993444741 -0.010447337 -0.113834769 -0.000075405 0.009105513 0.999882877 -0.012301072 -0.000042322 0.113949947 0.011183911 0.993423522 -0.000344221
0.993262410 -0.009696880 -0.115480341 -0.000074507 0.008363787 0.999892712 -0.012022876 0.000020478 0.115584545 0.010976018 0.993236959 -0.000410302
0.993271530 -0.007753739 -0.115548335 -0.000129065 0.006532020 0.999918699 -0.010948114 -0.000054876 0.115623832 0.010119687 0.993241549 -0.000358934
0.993084669 -0.008413318 -0.117097877 -0.000018057 0.007242613 0.999919415 -0.010419590 -0.000119209 0.117176101 0.009499442 0.993065715 -0.000032291
0.993127584 -0.005682252 -0.116898626 -0.000048234 0.004645984 0.999947488 -0.009135270 -0.000191327 0.116944402 0.008529380 0.993101835 -0.000478590
0.993132591 -0.002392479 -0.116969943 -0.000113141 0.001444525 0.999965489 -0.008188346 -0.000142810 0.116985478 0.007963151 0.993101716 -0.000434091
0.993072033 -0.001149690 -0.117501467 -0.000084844 0.000271783 0.999971926 -0.007487212 -0.000054610 0.117506765 0.007403405 0.993044496 -0.000218347
0.992972434 0.001499755 -0.118336052 -0.000110367 -0.002265006 0.999977410 -0.006332538 -0.000088058 0.118323892 0.006556068 0.992953360 -0.000266378
0.992960334 0.003756248 -0.118387125 -0.000146130 -0.004418637 0.999975979 -0.005333136 0.000013429 0.118364245 0.005818702 0.992953181 -0.000235854
0.992864490 0.003851118 -0.119185366 -0.000142038 -0.004525644 0.999975264 -0.005389316 0.000037775 0.119161665 0.005890251 0.992857397 -0.000150527
0.992905021 0.003778972 -0.118850254 -0.000118089 -0.004395298 0.999978185 -0.004924034 0.000018860 0.118829064 0.005411479 0.992899954 -0.000150608
0.992892087 0.005106135 -0.118907802 -0.000138501 -0.005823238 0.999966860 -0.005684075 0.000144543 0.118874840 0.006336102 0.992889047 -0.000333195
0.992972553 0.005585446 -0.118212208 -0.000147659 -0.006183170 0.999969840 -0.004690223 -0.000017125 0.118182443 0.005388188 0.992977262 -0.000624348
0.993076444 0.003494435 -0.117417783 -0.000166720 -0.003963101 0.999985039 -0.003758197 -0.000135033 0.117402896 0.004197515 0.993075490 -0.000148880
0.993202031 0.005275162 -0.116283923 -0.000136504 -0.005661154 0.999979436 -0.002989373 -0.000116854 0.116265774 0.003627352 0.993211448 -0.000138614
0.993283689 0.007875190 -0.115435600 -0.000143589 -0.008385950 0.999957085 -0.003939639 0.000053956 0.115399621 0.004881218 0.993307173 -0.000146458
0.993516326 0.007652295 -0.113431275 -0.000201049 -0.008017260 0.999964058 -0.002761667 -0.000028037 0.113406047 0.003653169 0.993542016 -0.000301799
0.993728459 0.011177327 -0.111260504 -0.000060134 -0.011383035 0.999934375 -0.001213828 -0.000115324 0.111239642 0.002472696 0.993790567 -0.000363809
0.994068265 0.010523354 -0.108247310 -0.000045828 -0.010778244 0.999940336 -0.001769881 -0.000098022 0.108222239 0.002926099 0.994122386 -0.000109168
0.994412720 0.010442604 -0.105044261 -0.000108122 -0.010732362 0.999939978 -0.002193557 -0.000077479 0.105015062 0.003308675 0.994465113 0.000302390
0.994767427 0.014542379 -0.101125591 -0.000141289 -0.014829615 0.999887824 -0.002089184 -0.000032652 0.101083875 0.003577906 0.994871497 0.000155711
0.995253026 0.014554733 -0.096227348 -0.000014021 -0.014823193 0.999887943 -0.002075563 -0.000167895 0.096186362 0.003492107 0.995357215 0.000197703
0.995544791 0.015373655 -0.093028165 -0.000045901 -0.015652440 0.999874890 -0.002267886 -0.000116893 0.092981651 0.003713899 0.995660841 0.000258163
0.996111155 0.014493251 -0.086904988 -0.000111181 -0.014676807 0.999891162 -0.001473553 -0.000120508 0.086874165 0.002743310 0.996215522 0.000369432
0.996438384 0.017108127 -0.082570203 -0.000200381 -0.017325781 0.999848008 -0.001920089 0.000032027 0.082524806 0.003343845 0.996583462 0.000342616
0.996640503 0.014203510 -0.080659509 -0.000088253 -0.014369047 0.999895692 -0.001472224 -0.000001233 0.080630191 0.002626278 0.996740580 0.000393542
0.997091949 0.009138973 -0.075657547 -0.000158189 -0.009319867 0.999954462 -0.002038226 0.000032181 0.075635470 0.002737416 0.997131765 0.000855584
0.997330248 0.006774496 -0.072709009 -0.000204929 -0.006953952 0.999973357 -0.002215287 -0.000039154 0.072692081 0.002714986 0.997350752 0.000806678
0.997635245 0.004011622 -0.068612680 -0.000128889 -0.004124533 0.999990284 -0.001504032 -0.000120434 0.068606004 0.001783470 0.997642219 0.000417827
0.998042166 0.003777145 -0.062431335 -0.000166980 -0.003924740 0.999989808 -0.002241668 0.000077139 0.062422249 0.002482307 0.998046696 0.000740226
0.998236954 0.002241666 -0.059313357 -0.000103920 -0.002299493 0.999996901 -0.000906720 -0.000000299 0.059311152 0.001041513 0.998238981 0.000758617
0.998429954 -0.000144429 -0.056016214 -0.000105562 0.000164584 0.999999940 0.000355214 -0.000142541 0.056016162 -0.000363875 0.998429835 0.000754189
0.998604178 0.002559578 -0.052755609 -0.000060005 -0.002495153 0.999996006 0.001287026 0.000031705 0.052758686 -0.001153594 0.998606622 0.000847614
0.998743832 0.000945024 -0.050098594 -0.000148847 -0.000829063 0.999996960 0.002335381 -0.000023795 0.050100636 -0.002290914 0.998741567 0.000654211
0.999093533 0.002422868 -0.042498931 -0.000018361 -0.002240748 0.999988198 0.004332421 -0.000078627 0.042508919 -0.004233264 0.999087095 0.000243861
0.999242485 0.001345730 -0.038894132 0.000001452 -0.001122378 0.999982774 0.005763848 -0.000073062 0.038901217 -0.005715829 0.999226749 0.001377254
0.999493659 0.008595832 -0.030637719 -0.000177031 -0.008341201 0.999929667 0.008429193 -0.000078661 0.030708022 -0.008169371 0.999494970 0.000515382
0.999593318 0.007339423 -0.027555645 -0.000024139 -0.007067328 0.999925435 0.009958819 -0.000055001 0.027626693 -0.009760020 0.999570668 0.000821776
0.999721229 0.004814802 -0.023114830 -0.000069932 -0.004543072 0.999920130 0.011793904 -0.000046005 0.023169771 -0.011685603 0.999663234 0.000658603
0.999856293 0.007703210 -0.015097932 -0.000043202 -0.007502703 0.999883533 0.013292310 0.000127726 0.015198565 -0.013177125 0.999797642 0.001032063
0.999912500 0.008535510 -0.010101926 -0.000048622 -0.008378717 0.999845326 0.015462974 0.000143135 0.010232348 -0.015376979 0.999829352 0.001049428
0.999933422 0.009950381 -0.005849538 -0.000016788 -0.009854130 0.999819279 0.016258869 0.000220418 0.006010261 -0.016200146 0.999850690 0.001180431
0.999935508 0.011165650 0.002042579 -0.000075945 -0.011200587 0.999775708 0.017978383 0.000201921 -0.001841379 -0.018000104 0.999836266 0.001263604
0.999870181 0.014717308 0.006548542 -0.000144313 -0.014841991 0.999701321 0.019417200 0.000050586 -0.006260820 -0.019511875 0.999790013 0.000752668
0.999859929 0.013027047 0.010507135 -0.000039293 -0.013232917 0.999717116 0.019767899 0.000123429 -0.010246643 -0.019904170 0.999749303 0.001562713
0.999781907 0.015661202 0.013817231 0.000172738 -0.015928373 0.999684155 0.019442700 0.000258817 -0.013508370 -0.019658547 0.999715447 0.001619144
0.999622881 0.018325528 0.020452496 0.000009088 -0.018698847 0.999659300 0.018213453 0.000201580 -0.020111751 -0.018589024 0.999624848 0.001164680
0.999616742 0.015697774 0.022801809 0.000065230 -0.016129242 0.999691963 0.018863566 0.000026262 -0.022498667 -0.019224109 0.999561906 0.000966034
0.999370635 0.018932130 0.029998753 0.000064532 -0.019488202 0.999641716 0.018353716 0.000067457 -0.029640527 -0.018926788 0.999381304 0.000973533
0.998924911 0.018450882 0.042526927 -0.000077885 -0.019216236 0.999659419 0.017658932 -0.000046181 -0.042186614 -0.018457156 0.998939216 0.000543951
0.998424590 0.019752732 0.052518126 -0.000088967 -0.020545628 0.999682367 0.014600717 0.000247933 -0.052213036 -0.015656734 0.998513162 0.001031922
0.998213649 0.018178109 0.056911577 -0.000074182 -0.019067114 0.999703944 0.015116888 0.000225697 -0.056619920 -0.016175022 0.998264790 0.001294942
0.998054147 0.014909155 0.060544074 0.000037941 -0.015896793 0.999747872 0.015863907 0.000209063 -0.060292285 -0.016795494 0.998039424 0.001800649
0.997677624 0.015377396 0.066354834 -0.000088951 -0.016389284 0.999757230 0.014732275 0.000270175 -0.066112168 -0.015785569 0.997687340 0.001665063
0.996976197 0.016270073 0.075985320 -0.000161680 -0.017406134 0.999746144 0.014312726 0.000089255 -0.075733148 -0.015592059 0.997006118 0.001236747
0.996676683 0.016221454 0.079827823 -0.000006438 -0.017232101 0.999779642 0.011987679 0.000205485 -0.079615779 -0.013323441 0.996736467 0.000962084
0.996420920 0.016580310 0.082888663 0.000148237 -0.017543320 0.999786615 0.010903264 0.000221117 -0.082690202 -0.012318384 0.996499121 0.001042199
0.995887458 0.019555265 0.088463262 0.000098849 -0.020542284 0.999736369 0.010260710 0.000123851 -0.088239290 -0.012035751 0.996026576 0.001255619
0.995679557 0.011991819 0.092077740 0.000114737 -0.012882587 0.999875784 0.009085789 0.000262660 -0.091957338 -0.010232735 0.995710373 0.002157689
0.995256066 0.017986771 0.095613189 0.000170069 -0.018693868 0.999804080 0.006504748 0.000451062 -0.095477447 -0.008261272 0.995397270 0.001928323
0.995043516 0.012118342 0.098699279 0.000183908 -0.012972728 0.999883771 0.008019274 0.000134069 -0.098590627 -0.009259926 0.995085001 0.001421385
0.994665504 0.012074161 0.102444425 0.000059608 -0.012787813 0.999898314 0.006312316 0.000273273 -0.102357782 -0.007588682 0.994718671 0.001460729
0.994319677 0.009211227 0.106035516 0.000022604 -0.009923322 0.999931633 0.006189975 0.000237079 -0.105971247 -0.007207039 0.994343042 0.001702344
0.993962109 0.008027307 0.109429829 -0.000133866 -0.008783055 0.999940813 0.006425969 0.000168020 -0.109371752 -0.007348299 0.993973732 0.000876343
0.993629873 0.006496904 0.112504959 0.000056842 -0.007217102 0.999956071 0.005995380 0.000131949 -0.112461060 -0.006769150 0.993633091 0.001298241
0.993237674 0.009696631 0.115692586 0.000101012 -0.010204454 0.999940753 0.003797933 0.000323753 -0.115648896 -0.004952831 0.993277788 0.001911862
0.992752850 0.009193179 0.119821735 -0.000064830 -0.009730512 0.999945045 0.003900122 0.000112939 -0.119779281 -0.005037784 0.992787719 0.000999368
0.992370427 0.007983153 0.123033017 0.000030786 -0.008557756 0.999954879 0.004142567 0.000023982 -0.122994386 -0.005163847 0.992393911 0.000651818
0.992051482 0.005443628 0.125714257 0.000055208 -0.005940782 0.999975920 0.003580066 -0.000012337 -0.125691772 -0.004298452 0.992060006 0.000969205
0.991568685 0.005454976 0.129467562 -0.000112687 -0.005901663 0.999977887 0.003066784 0.000056021 -0.129447952 -0.003805000 0.991578937 0.001261646
0.991129756 0.005662187 0.132777140 0.000021687 -0.006035228 0.999978840 0.002407256 0.000207689 -0.132760733 -0.003187244 0.991142988 0.001976201
0.990789175 0.002760486 0.135385826 0.000096861 -0.003017478 0.999994040 0.001693054 0.000174906 -0.135380313 -0.002085984 0.990791559 0.001836100
0.989674091 -0.001200527 0.143330961 0.000018142 0.000906794 0.999997377 0.002114641 0.000178231 -0.143333137 -0.001962833 0.989672542 0.001911510
0.988485515 -0.003819467 0.151267156 -0.000040686 0.003561131 0.999991655 0.001978677 0.000134209 -0.151273444 -0.001417211 0.988490939 0.001972846
0.987850130 -0.006860672 0.155258238 0.000056703 0.006696770 0.999976337 0.001578698 0.000196810 -0.155265391 -0.000519788 0.987872660 0.001945636
0.986372590 -0.008829702 0.164289802 0.000052135 0.008640292 0.999960959 0.001867496 0.000259214 -0.164299861 -0.000422535 0.986410379 0.002004225
0.985644877 -0.009742250 0.168550551 0.000025232 0.009615316 0.999952495 0.001569272 0.000252149 -0.168557808 0.000073922 0.985691786 0.001954517
0.985015273 -0.008898127 0.172237366 0.000035849 0.008681688 0.999960303 0.002009886 0.000240257 -0.172248393 -0.000484456 0.985053420 0.002108647
0.984378159 -0.009374023 0.175817862 0.000058771 0.009209550 0.999956071 0.001751417 0.000284379 -0.175826535 -0.000104853 0.984421194 0.001977495
0.981885910 -0.003323333 0.189443767 0.000205700 0.002927202 0.999992847 0.002370790 0.000260874 -0.189450234 -0.001773305 0.981888771 0.002371082
0.979358017 -0.004695035 0.202078670 -0.000091182 0.004797519 0.999988556 -0.000017357 0.000128300 -0.202076286 0.000986475 0.979369342 0.001487701
0.977641642 -0.006638301 0.210173279 0.000134535 0.006995322 0.999975085 -0.000955323 0.000095370 -0.210161716 0.002404193 0.977663636 0.001695214
0.973806441 -0.009207424 0.227191985 0.000036085 0.009861175 0.999949813 -0.001742645 0.000128387 -0.227164537 0.003937380 0.973848522 0.001904416
0.971113682 -0.006088784 0.238539487 0.000087136 0.007310131 0.999964297 -0.004235786 0.000319109 -0.238505155 0.005857185 0.971123576 0.002173753
0.969694495 -0.012136943 0.244019121 0.000170053 0.013522084 0.999900579 -0.004001944 0.000266913 -0.243946284 0.007180310 0.969762146 0.002442221
0.964738011 -0.015088922 0.262779057 0.000048520 0.017562257 0.999820769 -0.007065853 0.000247490 -0.262625337 0.011431692 0.964830279 0.001635250
0.960903943 -0.018137092 0.276287377 0.000239359 0.020868583 0.999758005 -0.006949272 0.000190550 -0.276094496 0.012443310 0.961049914 0.002400202
0.957346678 -0.023020580 0.288023055 0.000068993 0.026162487 0.999632657 -0.007063477 0.000238770 -0.287754714 0.014297597 0.957597435 0.001374692
0.953896523 -0.022527784 0.299289048 0.000250488 0.025974561 0.999634147 -0.007542873 0.000330237 -0.299009621 0.014969021 0.954132676 0.002066794
0.952044964 -0.019686980 0.305323958 0.000437820 0.023336692 0.999693096 -0.008308026 0.000406310 -0.305066705 0.015034868 0.952212274 0.002634063
0.947290957 -0.019654654 0.319771051 0.000230526 0.023206016 0.999704003 -0.007299006 0.000227089 -0.319532931 0.014334895 0.947466791 0.001464983
0.942987323 -0.021759592 0.332116544 0.000255636 0.024807561 0.999680042 -0.004939783 0.000277593 -0.331902802 0.012897154 0.943225443 0.001709013
0.939312339 -0.023232570 0.342275500 0.000184620 0.026287807 0.999645174 -0.004289332 0.000219556 -0.342054427 0.013026694 0.939589858 0.000717900
0.935601354 -0.022159522 0.352361888 0.000261415 0.024792925 0.999688208 -0.002961966 0.000246214 -0.352186382 0.011507301 0.935859203 0.000541170
0.931863606 -0.019992029 0.362257481 0.000122578 0.022631472 0.999739349 -0.003043782 0.000228184 -0.362102151 0.011034814 0.932073057 0.000512197
0.927578390 -0.019806994 0.373103172 0.000206166 0.022275100 0.999749243 -0.002304655 0.000257763 -0.372963995 0.010448659 0.927786946 0.000347202
0.925093949 -0.022201549 0.379088610 -0.000003769 0.024513261 0.999698818 -0.001272029 0.000185707 -0.378946155 0.010469446 0.925359488 -0.000355138
0.922522843 -0.027106816 0.384989500 -0.000018315 0.029553344 0.999563217 -0.000438088 0.000167553 -0.384809494 0.011781874 0.922920883 0.000366359
0.920299351 -0.033335287 0.389792144 0.000001355 0.035843957 0.999357104 0.000838091 0.000249470 -0.389569461 0.013200399 0.920902491 0.000195613
0.918227553 -0.040155612 0.394012392 -0.000072153 0.042067327 0.999107659 0.003787702 0.000153500 -0.393812895 0.013097074 0.919097304 0.000083872
0.916476429 -0.044577204 0.397597820 0.000090443 0.046253808 0.998915195 0.005378132 0.000308860 -0.397406250 0.013461478 0.917544127 0.000306157
0.911496639 -0.058861516 0.407073945 -0.000194166 0.060509268 0.998128593 0.008837149 0.000011573 -0.406832278 0.016576709 0.913352489 -0.000429058
0.909634650 -0.063064285 0.410594553 -0.000306870 0.064462624 0.997865438 0.010453708 0.000048716 -0.410377324 0.016958946 0.911758125 -0.001165846
0.905370712 -0.068722434 0.419023812 0.000052097 0.070979573 0.997425437 0.010220601 0.000272699 -0.418647408 0.020488698 0.907917738 0.000021905
0.903323650 -0.071635790 0.422935784 -0.000061946 0.073801465 0.997209311 0.011276562 0.000149479 -0.422563285 0.021026898 0.906089425 -0.000653739
0.901227534 -0.074822351 0.426837772 0.000096913 0.076805204 0.996966660 0.012595890 0.000143995 -0.426485449 0.021431606 0.904240489 -0.000593893
0.898895621 -0.077499725 0.431254596 -0.000357940 0.079717010 0.996733248 0.012960529 0.000228646 -0.430850267 0.022728164 0.902137220 -0.001475289
0.896335363 -0.083616883 0.435420662 -0.000315710 0.084965460 0.996248722 0.016410951 -0.000132890 -0.435159534 0.022286002 0.900077522 -0.001608729
0.894525051 -0.085971430 0.438672632 -0.000441066 0.087286726 0.996034563 0.017211797 -0.000085983 -0.438412786 0.022893917 0.898482025 -0.002288687
0.889537156 -0.096143007 0.446632117 -0.000392858 0.097122863 0.995055854 0.020762648 -0.000092509 -0.446420044 0.024909040 0.894476771 -0.002092771
0.886842310 -0.097522013 0.451663792 -0.000760114 0.097262859 0.994972825 0.023856102 -0.000277873 -0.451719642 0.022773502 0.891869187 -0.002847409
0.885228634 -0.101866648 0.453865051 -0.000650692 0.102646120 0.994452178 0.022994107 0.000272663 -0.453689396 0.026232447 0.890773714 -0.002879446
0.883059680 -0.106943123 0.456912220 -0.001070027 0.106794536 0.993934870 0.026238190 -0.000180299 -0.456946999 0.025625840 0.889124691 -0.003431783
0.879703343 -0.110046253 0.462614030 -0.000835328 0.110055856 0.993556917 0.027065123 0.000005751 -0.462611735 0.027104102 0.886146545 -0.002287880
0.878215313 -0.115356743 0.464145154 -0.000695358 0.115485944 0.992907107 0.028260563 -0.000005788 -0.464113057 0.028783385 0.885308266 -0.002555655
0.875855148 -0.120376199 0.467319310 -0.001439844 0.119371101 0.992337525 0.031888321 -0.000473822 -0.467577159 0.027854878 0.883513272 -0.004551030
0.873969972 -0.121292070 0.470600426 -0.001127007 0.120058097 0.992225826 0.032770805 -0.000216518 -0.470916778 0.027858710 0.881737709 -0.003798777
0.871090770 -0.126544029 0.474539161 -0.000610883 0.125381887 0.991517365 0.034247078 -0.000091660 -0.474847555 0.029666306 0.879567921 -0.002282688
0.867999315 -0.133093402 0.478396565 -0.000736830 0.131588966 0.990619481 0.036843453 -0.000233235 -0.478812575 0.030971620 0.877370656 -0.002350702
0.865248799 -0.138225764 0.481911004 -0.001105229 0.137209743 0.989829779 0.037557587 -0.000145009 -0.482201278 0.033626229 0.875414848 -0.002690980
0.862609386 -0.142742693 0.485314012 -0.000775000 0.141128629 0.989179075 0.040096126 -0.000268285 -0.485785902 0.033904403 0.873420060 -0.003023232
0.858874142 -0.143903211 0.491555840 -0.001105458 0.141927391 0.989004731 0.041548088 -0.000372447 -0.492130011 0.034080669 0.869854391 -0.003054602
0.855371356 -0.144450143 0.497467637 -0.001688887 0.142497838 0.988898158 0.042129196 -0.000481553 -0.498030424 0.034851953 0.866458893 -0.004576794
0.853056133 -0.142049536 0.502112806 -0.002024394 0.139275923 0.989308357 0.043258447 -0.000468139 -0.502889216 0.033030339 0.863719523 -0.006008877
0.846256554 -0.139759809 0.514117837 -0.001942063 0.137893200 0.989555061 0.042027373 -0.000005987 -0.514621615 0.035327412 0.856689215 -0.005413372
0.841466546 -0.135450095 0.523055792 -0.001393520 0.131141216 0.990319967 0.045478888 -0.000429140 -0.524152696 0.030325212 0.851084232 -0.003808351
0.838340104 -0.132860050 0.528709769 -0.001538015 0.128502920 0.990679026 0.045190174 -0.000376447 -0.529785573 0.030056028 0.847598851 -0.003947024
0.835294127 -0.128672704 0.534534574 -0.001268272 0.123711638 0.991283596 0.045302060 -0.000404178 -0.535704374 0.028287604 0.843931675 -0.003717513
0.828035593 -0.119492240 0.547794342 -0.001240139 0.114525743 0.992472827 0.043376472 -0.000380366 -0.548854172 0.026819296 0.835487783 -0.003559261
0.824186444 -0.115219556 0.554473698 -0.001233063 0.109789498 0.993017673 0.043154441 -0.000358182 -0.555574358 0.025308084 0.831081629 -0.003608140
0.821456194 -0.111074500 0.559349954 -0.001264588 0.106063738 0.993492067 0.041521266 -0.000303366 -0.560321510 0.025218850 0.827891231 -0.003877406
0.818369389 -0.104426280 0.565125465 -0.001738289 0.099148147 0.994262576 0.040145639 -0.000105221 -0.566075325 0.023177184 0.824027717 -0.004206129
0.816156507 -0.104905821 0.568228364 -0.001864251 0.098830245 0.994234264 0.041603040 -0.000259318 -0.569316387 0.022203555 0.821818590 -0.004503951
0.814446568 -0.102886334 0.571044028 -0.001528380 0.096938245 0.994449079 0.040914878 -0.000233255 -0.572083831 0.022033013 0.819899201 -0.004106317
0.812267542 -0.102354348 0.574234247 -0.001748616 0.095516376 0.994534612 0.042160630 -0.000274542 -0.575411081 0.020603072 0.817604721 -0.003981207
0.810274661 -0.103502117 0.576838195 -0.001874938 0.095502801 0.994443715 0.044281960 -0.000225454 -0.578216314 0.019209113 0.815657377 -0.004230055
0.808529019 -0.106739134 0.578694761 -0.001562063 0.098527171 0.994084477 0.045698762 -0.000341699 -0.580149353 0.020068381 0.814262927 -0.004125450
0.806336045 -0.110093199 0.581121206 -0.001193515 0.101207964 0.993714988 0.047827583 -0.000266098 -0.582734287 0.020249009 0.812410474 -0.003663185
0.803665102 -0.114586219 0.583945572 -0.001796332 0.105694138 0.993169725 0.049423859 -0.000278056 -0.585620344 0.021999398 0.810286939 -0.004203977
0.802093089 -0.116382413 0.585748911 -0.001568635 0.106485941 0.992980719 0.051479101 -0.000329049 -0.587628484 0.021083007 0.808856070 -0.004045395
0.799760461 -0.120416991 0.588118196 -0.001655769 0.109721288 0.992494047 0.054006834 -0.000423655 -0.590207279 0.021336565 0.806969821 -0.004069456
0.797434628 -0.124809109 0.590356410 -0.001483200 0.114000283 0.991917074 0.055716380 -0.000396958 -0.592538536 0.022870621 0.805217385 -0.003811837
0.795634210 -0.127247646 0.592262149 -0.001489966 0.116222456 0.991591275 0.056912493 -0.000392404 -0.594523907 0.023552621 0.803732932 -0.003783516
0.793265104 -0.130496785 0.594727755 -0.001674950 0.119256809 0.991143763 0.058411248 -0.000299449 -0.597083271 0.024589740 0.801802337 -0.004156088
0.791041672 -0.134116396 0.596880198 -0.001489958 0.123261146 0.990605116 0.059227474 -0.000402397 -0.599216044 0.026720744 0.800141454 -0.003836290
0.788267493 -0.135502040 0.600227952 -0.002028146 0.124441832 0.990401566 0.060157143 -0.000381207 -0.602618158 0.027273541 0.797563434 -0.004176497
0.784930944 -0.136221558 0.604422987 -0.002686239 0.124781452 0.990298688 0.061141260 -0.000542509 -0.606887937 0.027429102 0.794314027 -0.004889850
0.782271624 -0.136624381 0.607770443 -0.002477062 0.125181124 0.990227461 0.061476417 -0.000336273 -0.610230088 0.027990129 0.791729689 -0.004576284
0.780392647 -0.139012426 0.609641671 -0.001729745 0.126974493 0.989891768 0.063180223 -0.000475954 -0.612262130 0.028103564 0.790155292 -0.003772079
0.778355479 -0.139901742 0.612037778 -0.001836035 0.127999008 0.989742041 0.063456744 -0.000361722 -0.614637315 0.028948328 0.788278520 -0.004005037
0.776694179 -0.141420603 0.613796771 -0.002155602 0.129146203 0.989521205 0.064567968 -0.000575213 -0.616496146 0.029119946 0.786819279 -0.005052112
0.773265362 -0.142196760 0.617932618 -0.002368447 0.128950045 0.989430964 0.066319965 -0.000705984 -0.620832086 0.028399505 0.783429086 -0.004798168
0.771178782 -0.139483199 0.621150255 -0.002207628 0.125428334 0.989867568 0.066557474 -0.000505701 -0.624140143 0.026582133 0.780860186 -0.004483248
0.766852617 -0.144907713 0.625251055 -0.002354309 0.131626442 0.988980234 0.067769185 -0.000400823 -0.628181219 0.030330600 0.777475774 -0.004749660
0.763388515 -0.145972073 0.629229903 -0.002053270 0.131086335 0.988870442 0.070368052 -0.000586737 -0.632498562 0.028765272 0.774027288 -0.004032639
0.759978831 -0.147366166 0.633020997 -0.002423607 0.132549629 0.988628983 0.071017429 -0.000365376 -0.636288524 0.029934974 0.770870268 -0.004451166
0.756694794 -0.147741660 0.636855841 -0.002274029 0.131447598 0.988619566 0.073163450 -0.000499804 -0.640417457 0.028350780 0.767503619 -0.004166752
0.753485560 -0.146674693 0.640894771 -0.002499042 0.130216777 0.988779902 0.073198497 -0.000372945 -0.644440234 0.028301228 0.764130890 -0.004462008
0.749339402 -0.149465948 0.645097375 -0.003850460 0.131935477 0.988360286 0.075743243 -0.000793403 -0.648909628 0.028353842 0.760336995 -0.006161377
0.747730851 -0.144804597 0.648020267 -0.002727643 0.125311896 0.989167988 0.076442860 -0.001015989 -0.652070165 0.024045963 0.757777333 -0.005496188
0.743514061 -0.148829728 0.651948333 -0.003096975 0.130697668 0.988458991 0.076595828 -0.001066455 -0.655824006 0.028258052 0.754384756 -0.005871899
0.741481543 -0.145288289 0.655054569 -0.002751366 0.125613123 0.989072144 0.077185571 -0.000794422 -0.659110308 0.025051795 0.751628935 -0.005975619
0.737378716 -0.143736616 0.660009384 -0.002080531 0.122791111 0.989341080 0.078273088 -0.000825692 -0.664225101 0.023326395 0.747168601 -0.004581869
0.734493315 -0.142440334 0.663498521 -0.002195716 0.120840095 0.989549994 0.078667209 -0.001033084 -0.667770267 0.022396687 0.744030416 -0.004779425
0.729991496 -0.146347657 0.667603791 -0.002632562 0.124363206 0.988941133 0.080804110 -0.001000581 -0.672046304 0.024039038 0.740118861 -0.005536687
0.728112161 -0.140223533 0.670962095 -0.003384449 0.118307769 0.989870250 0.078486942 -0.001106372 -0.675171018 0.022232730 0.737326086 -0.006711182
0.723845959 -0.134789705 0.676667571 -0.005665056 0.111560121 0.990691543 0.078003868 -0.001361990 -0.680882931 0.019026328 0.732145131 -0.008228042
0.720342934 -0.137154624 0.679922462 -0.004206638 0.113567799 0.990348101 0.079454690 -0.001002616 -0.684257448 0.019982690 0.728966653 -0.006285735
0.718256176 -0.138751522 0.681803584 -0.003032412 0.116298929 0.990069926 0.078968883 -0.000328301 -0.685990274 0.022573138 0.727260470 -0.005323123
0.715757489 -0.140128121 0.684145689 -0.003494690 0.116281137 0.989899755 0.081099272 -0.000717493 -0.688599944 0.021505816 0.724822402 -0.005991425
0.714647233 -0.135140151 0.686306417 -0.003624363 0.108444616 0.990701854 0.082155645 -0.001456439 -0.691027582 0.015713938 0.722657561 -0.005806378
0.712576509 -0.134007230 0.688677549 -0.004336813 0.107051358 0.990862727 0.082042031 -0.001237278 -0.693379283 0.015262641 0.720411181 -0.006224802
0.711742580 -0.135784388 0.689191639 -0.003630247 0.108515449 0.990614951 0.083104566 -0.001478975 -0.694007814 0.015638879 0.719797492 -0.005950534
0.710805893 -0.135996595 0.690115869 -0.003580783 0.108962685 0.990576506 0.082976982 -0.001462767 -0.694897175 0.016216345 0.718926251 -0.005868302
0.709195256 -0.138484046 0.691277266 -0.004100714 0.111192413 0.990217328 0.084296368 -0.001584930 -0.696188450 0.017082205 0.717655778 -0.005824171
0.709928095 -0.135750249 0.691067219 -0.004056510 0.108897284 0.990605116 0.082720831 -0.001047788 -0.695804119 0.016529476 0.718041420 -0.006184958
0.709420681 -0.137871057 0.691168427 -0.003588567 0.110840343 0.990301192 0.083773248 -0.001261895 -0.696014881 0.017178876 0.717821836 -0.005803400
0.709441245 -0.137249872 0.691271067 -0.004154128 0.109955102 0.990397930 0.083795384 -0.001345025 -0.696134388 0.016560864 0.717720509 -0.006263104
0.709802628 -0.137193903 0.690911174 -0.003671561 0.109879568 0.990407526 0.083780825 -0.001246083 -0.695777893 0.016449165 0.718068659 -0.006079256
0.709610641 -0.136801869 0.691186011 -0.003890198 0.109203145 0.990470350 0.083923094 -0.001324145 -0.696079969 0.015926957 0.717787564 -0.006187387
0.708674967 -0.137912095 0.691924870 -0.004580707 0.110724434 0.990296841 0.083977722 -0.001322556 -0.696792543 0.017100064 0.717068911 -0.006585282
0.709164858 -0.138909802 0.691223025 -0.003417232 0.111720406 0.990152240 0.084363014 -0.001388820 -0.696134925 0.017396433 0.717700183 -0.005869787
0.709507525 -0.137067854 0.691239119 -0.003905483 0.109808668 0.990423679 0.083683319 -0.001271506 -0.696089864 0.016530110 0.717764378 -0.006178437
0.709049761 -0.136500940 0.691820681 -0.003947225 0.109344080 0.990501881 0.083365634 -0.001225708 -0.696629226 0.016536092 0.717240751 -0.006065136
0.709383845 -0.137952223 0.691190124 -0.003531185 0.110039227 0.990310252 0.084716871 -0.001441377 -0.696179509 0.015961237 0.717690229 -0.005946894
0.709447801 -0.135738045 0.691562712 -0.003832248 0.107832961 0.990629554 0.083816335 -0.001299612 -0.696459472 0.015109930 0.717437088 -0.006059112
0.709274948 -0.135756373 0.691736400 -0.003953671 0.106864378 0.990646780 0.084845044 -0.001555809 -0.696784794 0.013743503 0.717148602 -0.006128694
0.709224105 -0.136534274 0.691635430 -0.004092957 0.108593382 0.990515590 0.084180564 -0.001451744 -0.696569204 0.015404146 0.717324257 -0.006116627
0.709308088 -0.134607628 0.691926956 -0.004634805 0.106635772 0.990791261 0.083434336 -0.001186398 -0.696786046 0.014603513 0.717130363 -0.006644892
0.709372759 -0.136498839 0.691489935 -0.003494898 0.108744234 0.990516901 0.083969720 -0.001304956 -0.696394205 0.015629709 0.717489243 -0.005694632
0.710133374 -0.135273457 0.690949857 -0.003199595 0.107267566 0.990699589 0.083712421 -0.001189139 -0.695847869 0.014669521 0.718039334 -0.005388235
0.709903717 -0.136114597 0.691020668 -0.003823730 0.108886480 0.990561545 0.083255075 -0.001423924 -0.695830762 0.016139720 0.718024433 -0.005943800
0.709895790 -0.135587290 0.691132367 -0.004245411 0.108664699 0.990630090 0.082728304 -0.001399095 -0.695873439 0.016373198 0.717977762 -0.006004137
0.710477352 -0.135155946 0.690619171 -0.004820770 0.108623937 0.990684152 0.082132094 -0.001377348 -0.695286095 0.016664771 0.718539894 -0.006364271
0.713228822 -0.134585619 0.687889159 -0.003210279 0.106408693 0.990808189 0.083523363 -0.001426778 -0.692807257 0.013626110 0.720994055 -0.005671700
0.714311481 -0.137314528 0.686224282 -0.003465325 0.108465098 0.990435362 0.085283019 -0.001549561 -0.691371441 0.013512743 0.722373068 -0.006042976
0.714909136 -0.136566222 0.685751081 -0.003842299 0.107786812 0.990542769 0.084895082 -0.001613934 -0.690859556 0.013222652 0.722868085 -0.006221248
0.714798808 -0.136982158 0.685783207 -0.003875554 0.108497880 0.990477085 0.084754989 -0.001388526 -0.690862477 0.013823264 0.722854137 -0.005893928
0.715825319 -0.138040245 0.684499145 -0.003728488 0.110189319 0.990313828 0.084480546 -0.001460203 -0.689530551 0.014951183 0.724102199 -0.005895278
0.716709495 -0.139474720 0.683282018 -0.003548253 0.111327708 0.990113378 0.085332491 -0.001699753 -0.688428402 0.014909604 0.725151062 -0.005737701
0.717556179 -0.139051080 0.682479262 -0.004353923 0.110494219 0.990186095 0.085571282 -0.001644091 -0.687680244 0.014007806 0.725878537 -0.006225271
0.720104575 -0.137969270 0.680010200 -0.003929262 0.109752461 0.990342677 0.084709883 -0.001525130 -0.685130537 0.013632813 0.728292704 -0.006084135
0.720543623 -0.138457939 0.679445624 -0.003693668 0.109530345 0.990286827 0.085645802 -0.001509376 -0.684704363 0.012708385 0.728710055 -0.005761949
0.721289158 -0.140898660 0.678151488 -0.004275342 0.111251816 0.989945710 0.087351143 -0.001746843 -0.683640957 0.012440152 0.729712486 -0.006367424
0.722424150 -0.138682067 0.677399993 -0.004272211 0.108489238 0.990280032 0.087036975 -0.001610129 -0.682886183 0.010612996 0.730447710 -0.006266201
0.724002004 -0.137842014 0.675885081 -0.004270821 0.107344568 0.990408063 0.087000228 -0.001562426 -0.681394398 0.009564252 0.731853962 -0.006202922
0.726128936 -0.136377469 0.673897564 -0.003792364 0.105369151 0.990625501 0.086938187 -0.001392552 -0.679436624 0.007879682 0.733691931 -0.006129504
0.728670120 -0.135820374 0.671262205 -0.003258188 0.105280235 0.990702152 0.086170472 -0.001340037 -0.676724613 0.007880790 0.736194134 -0.005661287
0.729896128 -0.138172612 0.669447601 -0.003401205 0.107734561 0.990370274 0.086947858 -0.001310309 -0.675014853 0.008659741 0.737753391 -0.005747227
0.731110275 -0.137106970 0.668340743 -0.004237518 0.105795421 0.990533233 0.087471686 -0.001575073 -0.674006760 0.006755937 0.738694310 -0.006206118
0.732717752 -0.138234183 0.666345298 -0.003867519 0.106984973 0.990375161 0.087813206 -0.001464065 -0.672070622 0.006946628 0.740454495 -0.006017018
0.734117031 -0.140827030 0.664259017 -0.003680307 0.109756738 0.990002871 0.088587269 -0.001651836 -0.670093715 0.007873463 0.742234707 -0.005946994
0.736711740 -0.140633270 0.661421418 -0.003675486 0.108360671 0.990046501 0.089810975 -0.001617514 -0.667468190 0.005507241 0.744617939 -0.005814485
0.738078594 -0.141550943 0.659699380 -0.004052055 0.110506527 0.989903390 0.088766545 -0.001559828 -0.665603638 0.007384388 0.746268868 -0.006290061
0.740981758 -0.141150430 0.656523228 -0.003127758 0.108762465 0.989977181 0.090087771 -0.001742542 -0.662658870 0.004651680 0.748906910 -0.005662906
0.741690099 -0.143060163 0.655308723 -0.003845641 0.110174321 0.989704013 0.091364585 -0.001982710 -0.661632299 0.004433973 0.749815285 -0.005944652
0.744559050 -0.142135665 0.652249396 -0.003670496 0.109037392 0.989841998 0.091233641 -0.001791959 -0.658591449 0.003190736 0.752493978 -0.006100299
0.745325267 -0.144640237 0.650822163 -0.003999718 0.111597195 0.989476204 0.092101820 -0.001891091 -0.657294691 0.003984106 0.753623009 -0.006323907
0.747110605 -0.144795328 0.648737311 -0.005085397 0.110075317 0.989461005 0.094076447 -0.002228666 -0.655522108 0.001124443 0.755175173 -0.006710578
0.748707712 -0.146869749 0.646425545 -0.004326176 0.112370916 0.989154160 0.094587609 -0.001854830 -0.653306663 0.001820959 0.757091165 -0.006032111
0.751306176 -0.144424006 0.643957198 -0.003932100 0.110103935 0.989515603 0.093465924 -0.001708568 -0.650704443 0.000680699 0.759330869 -0.006083305
0.752374411 -0.145800814 0.642397761 -0.004204578 0.111622684 0.989313424 0.093805812 -0.001933168 -0.649209678 0.001129072 0.760608673 -0.006408558
0.754299700 -0.146320164 0.640017450 -0.003680913 0.112438202 0.989236414 0.093642965 -0.001805527 -0.646830499 0.001327537 0.762632728 -0.006058268
0.756495595 -0.142492443 0.638287067 -0.004345746 0.107671306 0.989794016 0.093351901 -0.001844120 -0.645074666 -0.001895104 0.764117122 -0.006683596
0.758979201 -0.140681669 0.635735154 -0.005278368 0.104361676 0.990040302 0.094492435 -0.002327770 -0.642696738 -0.005371429 0.766101897 -0.007733413
0.761287630 -0.144890830 0.632018805 -0.004855677 0.110281564 0.989445925 0.093993470 -0.002063930 -0.638967276 -0.001856049 0.769231737 -0.007690487
0.764399827 -0.140575096 0.629230917 -0.004886426 0.106712498 0.990065992 0.091552429 -0.001410229 -0.635850191 -0.002835855 0.771807373 -0.008098148
0.764811397 -0.143369496 0.628099263 -0.005816749 0.108628087 0.989663422 0.093627788 -0.001899054 -0.635030270 -0.003378383 0.772479892 -0.008382226
0.766831338 -0.145215869 0.625205517 -0.005334521 0.109485142 0.989388287 0.095517799 -0.002182614 -0.632441759 -0.004795324 0.774593055 -0.007661697
0.767822564 -0.146356553 0.623721361 -0.006254945 0.110575803 0.989220560 0.095998473 -0.002294938 -0.631047964 -0.004741313 0.775729299 -0.008485381
0.770920813 -0.146156892 0.619934916 -0.005712777 0.109984696 0.989242136 0.096453801 -0.002317314 -0.627363205 -0.006174887 0.778702438 -0.007783334
0.772625625 -0.147821561 0.617412686 -0.005746500 0.112754494 0.989004612 0.095688373 -0.001756555 -0.624768674 -0.004315237 0.780797899 -0.008129196
0.776052415 -0.144091457 0.613987207 -0.006632012 0.108392112 0.989537179 0.095223233 -0.002170360 -0.621284008 -0.007346857 0.783551037 -0.009057242
0.777742326 -0.148309991 0.610836446 -0.006135910 0.112836182 0.988922238 0.096440859 -0.002390855 -0.618372798 -0.006081702 0.785861433 -0.008327028
0.778796673 -0.146070406 0.610032201 -0.006984721 0.109135427 0.989229560 0.097540542 -0.002699120 -0.617709756 -0.009388130 0.786350131 -0.008411440
0.781078100 -0.151916936 0.605671763 -0.006072994 0.117428735 0.988384128 0.096473552 -0.002690363 -0.613292336 -0.004230112 0.789844751 -0.008024648
0.784468710 -0.153466254 0.600880325 -0.006013795 0.122451715 0.988153398 0.092512041 -0.001884274 -0.607959270 0.001006026 0.793967545 -0.008895190
