1.000000000 0.000000000 0.000000000 0.000000000 0.000000000 1.000000000 0.000000000 0.000000000 0.000000000 0.000000000 1.000000000 0.000000000
0.999999881 -0.000434051 0.000209771 -0.000033189 0.000434041 0.999999881 0.000045296 -0.000004503 -0.000209790 -0.000045205 1.000000000 -0.000023907
0.999999225 -0.001236902 -0.000134551 -0.000058981 0.001236864 0.999999166 -0.000281634 0.000046291 0.000134899 0.000281467 0.999999940 -0.000121569
0.999999881 0.000320438 -0.000418946 -0.000084870 -0.000320404 1.000000000 0.000082303 0.000039573 0.000418972 -0.000082168 0.999999881 -0.000247583
0.999998450 0.000166514 -0.001745526 -0.000054915 -0.000166187 1.000000000 0.000187187 0.000011407 0.001745558 -0.000186897 0.999998510 -0.000275515
0.999996006 0.001050895 -0.002617389 -0.000058273 -0.001051274 0.999999523 -0.000143313 0.000051856 0.002617237 0.000146064 0.999996662 -0.000289914
0.999994397 -0.000263230 -0.003330603 -0.000085889 0.000263243 1.000000000 0.000003554 0.000019343 0.003330602 -0.000004431 0.999994338 -0.000298145
0.999988854 0.000554890 -0.004684004 -0.000064047 -0.000556336 0.999999881 -0.000307210 0.000065398 0.004683832 0.000309813 0.999988914 -0.000403086
0.999986887 -0.000114850 -0.005147505 -0.000133536 0.000116140 0.999999940 0.000250413 0.000067541 0.005147475 -0.000251007 0.999986708 -0.000453751
0.999976814 0.000114411 -0.006814682 -0.000165666 -0.000109249 0.999999702 0.000757763 0.000003864 0.006814767 -0.000757001 0.999976516 -0.000608219
0.999956906 -0.000155298 -0.009281463 -0.000189437 0.000161107 0.999999762 0.000625186 0.000060927 0.009281361 -0.000626654 0.999956727 -0.000930457
0.999919832 0.000942937 -0.012632197 -0.000215514 -0.000939372 0.999999464 0.000288083 0.000062771 0.012632460 -0.000276193 0.999920130 -0.000987324
0.999847293 0.001890378 -0.017375333 -0.000139588 -0.001891380 0.999998271 -0.000041204 0.000043728 0.017375216 0.000074061 0.999848962 -0.001243753
0.999781370 0.002027144 -0.020816678 -0.000134955 -0.002024274 0.999997973 0.000158960 0.000011036 0.020816950 -0.000116786 0.999783337 -0.001433322
0.999668300 0.002669103 -0.025611700 -0.000101037 -0.002691333 0.999996126 -0.000833492 0.000069338 0.025609376 0.000902145 0.999671578 -0.001635744
0.999601245 0.001026644 -0.028217766 -0.000229272 -0.001052481 0.999998987 -0.000900778 0.000042571 0.028216816 0.000930118 0.999601305 -0.001750228
0.999498069 0.000821447 -0.031670179 -0.000212181 -0.000853320 0.999998987 -0.000992920 0.000054395 0.031669337 0.001019447 0.999497831 -0.001870867
0.999365568 0.001825829 -0.035569869 -0.000142533 -0.001877138 0.999997139 -0.001409132 0.000085212 0.035567190 0.001475008 0.999366224 -0.002074118
0.999212742 0.000945795 -0.039661758 -0.000074953 -0.001000535 0.999998450 -0.001360346 0.000062893 0.039660420 0.001398958 0.999212265 -0.002052536
0.999032795 0.001833412 -0.043934394 -0.000016760 -0.001877453 0.999997735 -0.000961190 0.000101029 0.043932535 0.001042746 0.999033988 -0.002361932
0.998838186 0.005000711 -0.047930080 -0.000219200 -0.005050770 0.999986827 -0.000923384 0.000076067 0.047924835 0.001164395 0.998850226 -0.002552239
0.998569250 0.005413580 -0.053199664 -0.000224270 -0.005452576 0.999984980 -0.000587902 0.000058605 0.053195681 0.000877137 0.998583674 -0.002676741
0.998269737 0.005567382 -0.058536530 -0.000227253 -0.005601089 0.999984205 -0.000411785 0.000046597 0.058533311 0.000738941 0.998285174 -0.002866335
0.997978210 0.005905902 -0.063281529 -0.000205162 -0.005949205 0.999982178 -0.000495902 0.000038700 0.063277468 0.000871374 0.997995555 -0.003005065
0.997650981 0.007163566 -0.068126470 -0.000120329 -0.007179113 0.999974191 0.000016620 0.000044058 0.068124838 0.000472507 0.997676671 -0.003069679
0.997286618 0.008179692 -0.073160782 -0.000004843 -0.008064218 0.999965727 0.001873618 -0.000053794 0.073173590 -0.001278550 0.997318327 -0.003157703
0.997018576 0.008646127 -0.076675512 -0.000068833 -0.008442322 0.999959886 0.002981770 -0.000049308 0.076698221 -0.002325561 0.997051597 -0.003469593
0.996481478 0.012866155 -0.082819156 0.000043392 -0.012609400 0.999913931 0.003622526 0.000008463 0.082858644 -0.002565481 0.996557951 -0.003811115
0.995811760 0.013091519 -0.090486310 0.000360513 -0.012866256 0.999912500 0.003072364 0.000124026 0.090518624 -0.001895277 0.995892942 -0.003978254
0.995653331 0.015957808 -0.091758572 0.000013521 -0.015652245 0.999869227 0.004048811 0.000096917 0.091811188 -0.002594985 0.995772898 -0.003881964
0.995129108 0.019261185 -0.096679062 -0.000039431 -0.018959215 0.999812067 0.004041150 0.000182387 0.096738726 -0.002188507 0.995307326 -0.004099037
0.994629502 0.020657701 -0.101416722 -0.000013920 -0.020229530 0.999781489 0.005248592 0.000027758 0.101503007 -0.003168792 0.994830072 -0.004537270
0.993889511 0.023774285 -0.107787386 0.000076469 -0.023431325 0.999715507 0.004447353 0.000147655 0.107862473 -0.001894576 0.994163811 -0.004681119
0.993156075 0.027378950 -0.113539137 0.000082985 -0.027012264 0.999623656 0.004767003 0.000141827 0.113626949 -0.001667428 0.993521869 -0.005195095
0.992569625 0.027504165 -0.118528001 0.000078534 -0.027124075 0.999620438 0.004819027 0.000166059 0.118615560 -0.001568257 0.992938817 -0.005413057
0.991940379 0.027529489 -0.123677783 0.000125282 -0.027067754 0.999618948 0.005412445 0.000067905 0.123779647 -0.002021143 0.992307544 -0.005780464
0.991434395 0.029957630 -0.127122656 0.000114757 -0.029431198 0.999548733 0.006017842 0.000085423 0.127245560 -0.002224923 0.991868615 -0.005987910
0.990902007 0.031245878 -0.130907640 0.000119525 -0.030635057 0.999508321 0.006677799 0.000168932 0.131051943 -0.002606682 0.991371930 -0.005970194
0.990466595 0.029845504 -0.134480461 0.000165628 -0.029163623 0.999549806 0.007038029 0.000144632 0.134629980 -0.003048996 0.990891099 -0.006180208
0.989931941 0.033172481 -0.137602121 0.000201212 -0.032593079 0.999447763 0.006462381 0.000145185 0.137740523 -0.001912440 0.990466356 -0.006448114
0.989496469 0.034266200 -0.140436977 0.000158956 -0.033627223 0.999410391 0.006921089 0.000144341 0.140591353 -0.002125890 0.990065277 -0.006709824
0.988804638 0.036546819 -0.144671336 0.000213215 -0.036042113 0.999331415 0.006108915 0.000170572 0.144797906 -0.000826264 0.989460766 -0.007144610
0.988209665 0.039548811 -0.147910401 0.000224911 -0.039078377 0.999217451 0.006086330 0.000188738 0.148035377 -0.000234473 0.988981962 -0.007517841
0.987578630 0.041945927 -0.151423216 0.000150430 -0.041300036 0.999119222 0.007409370 0.000132457 0.151600689 -0.001063550 0.988441050 -0.007381222
0.986879468 0.041298602 -0.156087384 0.000294836 -0.040694203 0.999146700 0.007066971 0.000162230 0.156246051 -0.000622395 0.987717807 -0.007625108
0.986395359 0.043941386 -0.158408880 0.000194463 -0.043370619 0.999034226 0.007059929 0.000250106 0.158566102 -0.000093589 0.987348258 -0.008047641
0.985547841 0.043776494 -0.163641945 0.000317995 -0.043126356 0.999041259 0.007525071 0.000193727 0.163814470 -0.000359035 0.986490965 -0.008159263
0.984669209 0.045829736 -0.168303430 0.000477858 -0.045034133 0.998948872 0.008543069 0.000206953 0.168518066 -0.000832696 0.985698044 -0.008420638
0.983870864 0.049564116 -0.171876326 0.000467863 -0.048722088 0.998770654 0.009116734 0.000295754 0.172116935 -0.000595519 0.985076189 -0.008576883
0.983032763 0.052564211 -0.175738439 0.000493416 -0.051724453 0.998617470 0.009358885 0.000342036 0.175987482 -0.000110111 0.984392285 -0.008760395
0.981987834 0.055028893 -0.180754185 0.000709477 -0.054194637 0.998484671 0.009554599 0.000376160 0.181006074 0.000413412 0.983481824 -0.009200983
0.981072485 0.060085207 -0.184083477 0.000635168 -0.059124332 0.998193204 0.010709192 0.000351888 0.184394345 0.000377325 0.982852221 -0.009219706
0.980477154 0.059540983 -0.187401235 0.000586188 -0.058611766 0.998225749 0.010500555 0.000405767 0.187693924 0.000688362 0.982227206 -0.009320034
0.979527175 0.060938146 -0.191866800 0.000717746 -0.059915140 0.998141408 0.011134587 0.000353781 0.192188725 0.000589094 0.981357694 -0.009472770
0.978222251 0.065314658 -0.197016165 0.000961952 -0.064248696 0.997863948 0.011804359 0.000295886 0.197366342 0.001110747 0.980329096 -0.009993065
0.977341831 0.068034694 -0.200435817 0.001033216 -0.067046195 0.997680783 0.011723868 0.000334503 0.200768635 0.001980235 0.979636610 -0.009974604
0.977132618 0.066412300 -0.201993123 0.000944543 -0.065272167 0.997791469 0.012307551 0.000271477 0.202364370 0.001158424 0.979309618 -0.010429701
0.976193964 0.072415106 -0.204453960 0.000896374 -0.071225747 0.997372985 0.013180078 0.000255376 0.204871297 0.001696076 0.978787184 -0.009835027
0.975933969 0.072030567 -0.205826581 0.000928676 -0.070880234 0.997400403 0.012966698 0.000327985 0.206225544 0.001934401 0.978502512 -0.010689734
0.974840999 0.076934256 -0.209203482 0.000928398 -0.075815365 0.997031987 0.013374435 0.000331386 0.209611520 0.002822890 0.977780461 -0.010103919
0.973875463 0.080301285 -0.212410852 0.000941341 -0.079257354 0.996763468 0.013438956 0.000354888 0.212802559 0.003747256 0.977087855 -0.010432213
0.973095059 0.076764151 -0.217240334 0.001144245 -0.075795099 0.997041225 0.012802299 0.000365960 0.217580318 0.004007900 0.976034164 -0.011081632
0.971644998 0.082268775 -0.221671104 0.001154448 -0.081246726 0.996599257 0.013741037 0.000249843 0.222047731 0.004658654 0.975024521 -0.010729914
0.971554816 0.079032928 -0.223237604 0.001248701 -0.078133419 0.996859610 0.012873477 0.000286052 0.223553970 0.004935027 0.974678993 -0.011207118
0.970742941 0.083151668 -0.225264147 0.001349395 -0.082362019 0.996518493 0.012917432 0.000312216 0.225554034 0.006013706 0.974212050 -0.011285813
0.970707357 0.081831872 -0.225900471 0.001309877 -0.081089132 0.996627331 0.012581117 0.000351150 0.226168126 0.006105492 0.974069238 -0.011493016
0.969904542 0.086585239 -0.227569863 0.001194158 -0.085791767 0.996223092 0.013395250 0.000252777 0.227870136 0.006531514 0.973669469 -0.011113531
0.969209850 0.086660907 -0.230483443 0.001403728 -0.086275436 0.996201694 0.011769866 0.000367977 0.230628014 0.008477595 0.973005176 -0.011784504
0.967974007 0.091825627 -0.233654916 0.001324645 -0.091513798 0.995729029 0.012199556 0.000268536 0.233777195 0.009573797 0.972242951 -0.011525538
0.967555106 0.091909431 -0.235350311 0.001277588 -0.091832370 0.995710254 0.011311967 0.000307111 0.235380381 0.010667826 0.971844673 -0.011390533
0.967026949 0.092301741 -0.237358436 0.001367691 -0.092240125 0.995671690 0.011389988 0.000263610 0.237382352 0.010879548 0.971355200 -0.011959169
0.966225982 0.092894748 -0.240370288 0.001386524 -0.092998467 0.995606184 0.010937532 0.000309648 0.240330189 0.011785945 0.970619440 -0.011906660
0.965367377 0.093168780 -0.243690968 0.001534903 -0.093511887 0.995566130 0.010186383 0.000421973 0.243559465 0.012954401 0.969799280 -0.012626063
0.964754403 0.091463052 -0.246745974 0.001483865 -0.092053585 0.995711803 0.009166275 0.000303749 0.246526271 0.013870649 0.969036639 -0.012392294
0.963770449 0.092378013 -0.250226140 0.001569079 -0.093080066 0.995617509 0.009053258 0.000261300 0.249965861 0.014565806 0.968144953 -0.012611401
0.963034093 0.092770025 -0.252901256 0.001509001 -0.093895830 0.995552719 0.007641642 0.000310618 0.252485514 0.016387213 0.967461646 -0.012593176
0.962284148 0.095009185 -0.254916549 0.001615514 -0.096201092 0.995331109 0.007817734 0.000311536 0.254469186 0.017000364 0.966931283 -0.012685869
0.961687565 0.096343137 -0.256660521 0.001640485 -0.097523689 0.995199621 0.008156097 0.000291585 0.256214231 0.017186873 0.966466963 -0.012921371
0.960723877 0.098729566 -0.259348810 0.001656692 -0.100108057 0.994944990 0.007920969 0.000336249 0.258819878 0.018353041 0.965750933 -0.012772976
0.960002899 0.098059691 -0.262257099 0.001718103 -0.099505179 0.995006263 0.007796851 0.000253245 0.261712044 0.018610938 0.964966357 -0.013507851
0.958461344 0.100967772 -0.266753197 0.001755823 -0.102622636 0.994690001 0.007766775 0.000260479 0.266120940 0.019930767 0.963733435 -0.013468882
0.957270086 0.104118481 -0.269802362 0.001755440 -0.106199794 0.994320869 0.006913506 0.000367710 0.268989921 0.022034869 0.962890804 -0.013703800
0.956695855 0.102192238 -0.272561193 0.002082546 -0.104492351 0.994506955 0.006103202 0.000462470 0.271687597 0.022641651 0.962118983 -0.015205063
0.955699325 0.104090564 -0.275324672 0.001980382 -0.106216177 0.994316936 0.007221424 0.000293954 0.274511665 0.022342425 0.961324155 -0.014775682
0.954588652 0.104173981 -0.279120564 0.001998960 -0.106647916 0.994276464 0.006351531 0.000306649 0.278184593 0.023704525 0.960234940 -0.014440754
0.953800738 0.102617875 -0.282371759 0.001976872 -0.105241336 0.994428992 0.005903559 0.000268173 0.281404525 0.024086349 0.959286869 -0.014758511
0.952771366 0.102404051 -0.285902202 0.002099758 -0.105447091 0.994413614 0.004774417 0.000344642 0.284793973 0.025598623 0.958246887 -0.015310297
0.951754153 0.103974923 -0.288709402 0.002157623 -0.107212842 0.994225681 0.004621404 0.000364908 0.287522852 0.026554916 0.957405448 -0.015645312
0.951435268 0.102720469 -0.290205687 0.002116641 -0.105908759 0.994364619 0.004742481 0.000227851 0.289057404 0.026223157 0.956952512 -0.015717447
0.950061798 0.105296738 -0.293760270 0.002337195 -0.108881742 0.994045973 0.004171571 0.000300095 0.292450398 0.028021861 0.955869853 -0.016024901
0.949213684 0.105816133 -0.296304166 0.002339307 -0.109642774 0.993964195 0.003722573 0.000322689 0.294909418 0.028954083 0.955086231 -0.016174352
0.948293805 0.106968820 -0.298824996 0.002367302 -0.110962518 0.993817925 0.003622472 0.000307158 0.297365218 0.029723203 0.954300880 -0.016409477
0.946808815 0.106262624 -0.303745240 0.002494484 -0.110987008 0.993820488 0.001720167 0.000370144 0.302050889 0.032083094 0.952751696 -0.016931964
0.944949985 0.106500752 -0.309398025 0.002619119 -0.111769430 0.993733764 0.000701075 0.000383934 0.307533920 0.033918764 0.950932205 -0.016695324
0.943470359 0.105213411 -0.314314842 0.002816623 -0.110716015 0.993852198 0.000347669 0.000352145 0.312418997 0.034471676 0.949318647 -0.017321091
0.942192256 0.105237380 -0.318117857 0.002808934 -0.110851645 0.993836999 0.000456525 0.000359146 0.316205144 0.034833759 0.948051035 -0.017641686
0.940522790 0.102488130 -0.323903114 0.002967891 -0.108284861 0.994119823 0.000126953 0.000230651 0.322011471 0.034954399 0.946090221 -0.017735526
0.938864112 0.101161338 -0.329090685 0.003076877 -0.107338652 0.994222343 -0.000606282 0.000382546 0.327127904 0.035893355 0.944298089 -0.018134620
0.937655807 0.098294400 -0.333376408 0.003098593 -0.104390629 0.994536161 -0.000375292 0.000203567 0.331517875 0.035153251 0.942793667 -0.018535951
0.935465753 0.100888513 -0.338711262 0.003170777 -0.107248463 0.994232118 -0.000060939 0.000131555 0.336751342 0.036383260 0.940890312 -0.018885205
0.933366001 0.100817852 -0.344475865 0.003209686 -0.107765973 0.994175851 -0.001028831 0.000179788 0.342365742 0.038083035 0.938794494 -0.018789509
0.931533635 0.097553857 -0.350325823 0.003361254 -0.105027303 0.994466364 -0.002347603 0.000075514 0.348158300 0.038980652 0.936624885 -0.018965919
0.929566801 0.098423146 -0.355272651 0.003353026 -0.106280871 0.994332552 -0.002617094 0.000135028 0.353001595 0.040191445 0.934758842 -0.018945970
0.927432179 0.103328139 -0.359433979 0.003394879 -0.111855492 0.993719935 -0.002946599 0.000266633 0.356872171 0.042937428 0.933165729 -0.019590002
0.925493360 0.103601351 -0.364319891 0.003520545 -0.112152882 0.993688107 -0.002331117 0.000103623 0.361778796 0.043016940 0.931270838 -0.020026620
0.925130308 0.095122412 -0.367540032 0.003686108 -0.103330836 0.994643390 -0.002670694 -0.000184417 0.365317315 0.040448964 0.930003643 -0.020570019
0.922876298 0.101352841 -0.371520251 0.003673238 -0.110212766 0.993904352 -0.002631513 -0.000008654 0.368988931 0.043374825 0.928421021 -0.021174224
0.921645820 0.097534120 -0.375574321 0.003654768 -0.106490299 0.994308829 -0.003108040 0.000031886 0.373133719 0.042859536 0.926786900 -0.021162337
0.919850290 0.096790478 -0.380141079 0.003705741 -0.105980784 0.994362533 -0.003266081 0.000033282 0.377682179 0.043291926 0.924922585 -0.021316437
0.918825626 0.097461581 -0.382440120 0.003670475 -0.106387421 0.994322300 -0.002205033 0.000059179 0.380053818 0.042712849 0.923977554 -0.021459393
0.917430818 0.098601446 -0.385484666 0.003772160 -0.107346602 0.994220912 -0.001171106 0.000041733 0.383141398 0.042454880 0.922713578 -0.021493975
0.917132676 0.088253573 -0.388688743 0.003883331 -0.096422501 0.995339453 -0.001517840 -0.000244301 0.386743218 0.038870402 0.921367705 -0.021712236
0.915608943 0.093555152 -0.391033918 0.003840816 -0.101554178 0.994829893 0.000223879 -0.000150393 0.389033139 0.039506145 0.920375943 -0.021980200
0.914039671 0.095128931 -0.394312114 0.003870878 -0.102945171 0.994686067 0.001337680 -0.000085753 0.392343998 0.039369844 0.918975353 -0.022002129
0.912486017 0.095402777 -0.397828311 0.004033990 -0.103088006 0.994670153 0.002081081 -0.000109544 0.395906419 0.039112359 0.917457342 -0.022068264
0.912029505 0.092053205 -0.399660319 0.003993487 -0.099118456 0.995070755 0.003004005 -0.000231268 0.397966951 0.036873955 0.916658223 -0.021960661
0.911341131 0.092048034 -0.401228964 0.003985466 -0.099148341 0.995067656 0.003080799 -0.000157883 0.399533659 0.036973525 0.915972531 -0.021884698
0.910663068 0.092842124 -0.402582765 0.004064647 -0.100017682 0.994980216 0.003213539 -0.000133724 0.400860220 0.037338924 0.915377796 -0.022049433
0.910096467 0.095420472 -0.403261125 0.004002274 -0.102359354 0.994737744 0.004368126 -0.000155222 0.401555955 0.037302133 0.915074289 -0.021893103
0.909721792 0.095023058 -0.404198587 0.004022397 -0.101957962 0.994778931 0.004387796 -0.000157632 0.402505040 0.037219591 0.914660692 -0.021928400
0.906525850 0.098147951 -0.410582364 0.004439021 -0.105486877 0.994409084 0.004804477 -0.000157527 0.408758432 0.038955677 0.911810815 -0.021062486
0.906006694 0.102103963 -0.410763443 0.004336694 -0.109565057 0.993964911 0.005407211 -0.000047045 0.408836514 0.040106341 0.911725938 -0.020857854
0.905718863 0.104234427 -0.410863131 0.004353240 -0.111089125 0.993784070 0.007231135 -0.000140022 0.409062982 0.039093059 0.911668301 -0.020829707
0.905861676 0.106275350 -0.410024822 0.004362765 -0.112969980 0.993566692 0.007942162 -0.000193064 0.408231109 0.039125998 0.912039757 -0.021215139
0.905745447 0.105791226 -0.410406619 0.004328982 -0.112087682 0.993659735 0.008765835 -0.000228336 0.408731908 0.038061924 0.911860526 -0.021035463
0.905193865 0.107569583 -0.411160439 0.004350620 -0.113897294 0.993450165 0.009159281 -0.000194481 0.409452826 0.038539130 0.911517024 -0.020912219
0.904844999 0.108206548 -0.411761135 0.004380867 -0.114564031 0.993372321 0.009293567 -0.000181394 0.410037786 0.038763784 0.911244452 -0.020975145
0.904743493 0.109114096 -0.411744267 0.004382981 -0.115770981 0.993236661 0.008823732 -0.000069291 0.409922391 0.039684825 0.911256790 -0.021128874
0.904883265 0.109008312 -0.411464959 0.004351323 -0.115502469 0.993265092 0.009133061 -0.000068610 0.409689456 0.039260872 0.911379874 -0.021044178
0.904869437 0.109371729 -0.411399037 0.004427790 -0.115339600 0.993271828 0.010375770 -0.000164510 0.409765929 0.038061883 0.911396325 -0.021353927
0.904702604 0.109872669 -0.411632299 0.004423871 -0.115929052 0.993203938 0.010311719 -0.000146219 0.409967721 0.038391106 0.911291718 -0.021335000
0.904297471 0.110102095 -0.412460506 0.004497772 -0.116090089 0.993182123 0.010598510 -0.000187780 0.410815328 0.038298368 0.910913765 -0.020660639
0.904146314 0.111167483 -0.412506223 0.004490822 -0.117185809 0.993051589 0.010768185 -0.000193819 0.410837054 0.038603861 0.910891116 -0.020660639
0.904553950 0.109145403 -0.412151963 0.004360468 -0.115125187 0.993296802 0.010376836 -0.000145601 0.410521775 0.038062658 0.911055982 -0.020916479
0.904035687 0.110939130 -0.412810028 0.004517085 -0.116736509 0.993099332 0.011239068 -0.000207245 0.411208123 0.038029488 0.910747766 -0.020737970
0.904603720 0.110154681 -0.411774367 0.004421273 -0.116290316 0.993162751 0.010211571 -0.000097016 0.410083801 0.038647953 0.911228657 -0.021354334
0.904317260 0.110270411 -0.412372082 0.004469343 -0.116233245 0.993164480 0.010681933 -0.000190063 0.410731167 0.038271490 0.910952926 -0.020551436
0.904377222 0.109406434 -0.412470698 0.004482198 -0.115110993 0.993290901 0.011076260 -0.000215078 0.410915256 0.037462801 0.910903513 -0.020649180
0.904632330 0.108317107 -0.412198633 0.004439502 -0.114073358 0.993414760 0.010697145 -0.000189994 0.410642952 0.037343908 0.911031187 -0.020582609
0.904656053 0.110371783 -0.411601096 0.004446561 -0.115968280 0.993187010 0.011439279 -0.000274137 0.410059512 0.037384052 0.911292315 -0.020546440
0.905203402 0.108780243 -0.410820693 0.004421019 -0.114244245 0.993388295 0.011310899 -0.000271546 0.409334987 0.036695227 0.911646128 -0.020587167
0.905116916 0.111353323 -0.410321623 0.004442011 -0.116989695 0.993067265 0.011434896 -0.000172365 0.408750266 0.037653491 0.911869109 -0.020530269
0.905145526 0.111301206 -0.410272479 0.004496490 -0.116927013 0.993074536 0.011442204 -0.000124980 0.408704728 0.037615076 0.911891103 -0.020358842
0.905589879 0.111422621 -0.409257710 0.004425547 -0.116799057 0.993084073 0.011923880 -0.000179975 0.407755762 0.037002772 0.912340939 -0.020520573
0.905694485 0.111424081 -0.409025848 0.004415582 -0.116926901 0.993072629 0.011618193 -0.000160915 0.407486856 0.037303600 0.912448823 -0.020368716
0.905798435 0.113086425 -0.408338726 0.004411158 -0.118633457 0.992867947 0.011808511 -0.000127304 0.406761825 0.037746508 0.912754059 -0.020534331
0.906122088 0.114572085 -0.407205015 0.004377210 -0.120259210 0.992673755 0.011697195 -0.000130195 0.405561954 0.038371064 0.913261950 -0.020670278
0.906464934 0.114786826 -0.406380624 0.004263249 -0.119915135 0.992700160 0.012918890 -0.000171083 0.404896975 0.037020672 0.913612604 -0.020126808
0.906547487 0.116612442 -0.405676186 0.004313923 -0.121831767 0.992465198 0.013033845 -0.000138700 0.404139429 0.037608437 0.913923919 -0.020251514
0.907343507 0.114112958 -0.404605955 0.004275931 -0.118903205 0.992815852 0.013363913 -0.000191414 0.403224111 0.035983287 0.914393425 -0.020166453
0.907890618 0.114511251 -0.403263718 0.004212318 -0.119140461 0.992783248 0.013684085 -0.000207661 0.401920378 0.035621382 0.914981544 -0.020089116
0.908193231 0.116040990 -0.402143478 0.004240743 -0.120764494 0.992586970 0.013684798 -0.000171917 0.400750339 0.036136210 0.915474474 -0.019929474
0.908573925 0.116377994 -0.401185244 0.004204740 -0.121309571 0.992527187 0.013184945 -0.000170508 0.399721622 0.036688097 0.915902197 -0.019873764
0.909190655 0.117617406 -0.399422586 0.004220376 -0.122762740 0.992353857 0.012776756 -0.000131508 0.397871286 0.037417699 0.916677952 -0.019883284
0.909399748 0.120110996 -0.398202717 0.004229036 -0.125622526 0.992001534 0.012328448 -0.000047904 0.396498531 0.038811736 0.917214572 -0.020243924
0.910209835 0.120784737 -0.396142691 0.004156164 -0.126340866 0.991912544 0.012145018 -0.000065904 0.394405752 0.038994499 0.918108702 -0.019801814
0.911274791 0.120806299 -0.393680394 0.004127963 -0.126033112 0.991945386 0.012656068 -0.000175378 0.392038286 0.038083594 0.919160366 -0.019747034
0.911922395 0.122816965 -0.391552240 0.004042053 -0.128173560 0.991672575 0.012539265 -0.000108628 0.389831513 0.038751826 0.920070231 -0.019508135
0.913306653 0.121208616 -0.388817906 0.003970963 -0.126789361 0.991864443 0.011380461 -0.000089610 0.387033999 0.038904123 0.921244264 -0.019276585
0.914364934 0.122728422 -0.385842502 0.003930780 -0.128382906 0.991661489 0.011186519 -0.000114921 0.383998126 0.039307013 0.922496855 -0.019247491
0.915832222 0.122117803 -0.382542193 0.003811611 -0.127577513 0.991765797 0.011168988 -0.000109930 0.380755991 0.038574882 0.923870564 -0.018625779
0.916778386 0.123453781 -0.379837304 0.003831730 -0.128948525 0.991589785 0.011052830 -0.000072336 0.378007323 0.038846470 0.924987197 -0.018655427
0.917445064 0.125226974 -0.377640784 0.003792091 -0.130733758 0.991355002 0.011130523 -0.000003598 0.375770003 0.039158773 0.925885201 -0.018525880
0.917852879 0.125553668 -0.376540214 0.003890772 -0.130929083 0.991326332 0.011395893 -0.000040113 0.374705106 0.038840316 0.926330090 -0.018617099
0.919366419 0.123521753 -0.373507142 0.003728105 -0.128421515 0.991648972 0.011843819 -0.000109746 0.371850908 0.037077565 0.927551627 -0.018850299
0.920188785 0.121758215 -0.372058451 0.003738981 -0.126358643 0.991910934 0.012093490 -0.000209031 0.370521218 0.035884522 0.928130507 -0.018825203
0.921292484 0.119120769 -0.370176166 0.003708865 -0.123862877 0.992237985 0.011027827 -0.000128733 0.368616521 0.035691231 0.928896010 -0.018377529
0.922610164 0.119487330 -0.366760284 0.003559786 -0.124086529 0.992209256 0.011105150 -0.000134996 0.365229815 0.035264287 0.930249155 -0.018431166
0.923733115 0.115863547 -0.365092635 0.003609948 -0.120434023 0.992667794 0.010312725 -0.000111767 0.363610655 0.034443378 0.930913925 -0.018148223
0.924959540 0.116189770 -0.361869544 0.003590075 -0.120823786 0.992624819 0.009881226 -0.000100987 0.360348821 0.034582723 0.932176173 -0.018435990
0.926199734 0.114597499 -0.359195143 0.003432697 -0.119125269 0.992832959 0.009583579 -0.000039700 0.357719123 0.033912916 0.933213174 -0.018096730
0.927314043 0.112963729 -0.356829941 0.003363966 -0.117158942 0.993063688 0.009912432 -0.000096989 0.355474710 0.032613881 0.934116602 -0.017602684
0.928688407 0.112243220 -0.353467494 0.003400708 -0.116191454 0.993175447 0.010104300 -0.000086865 0.352189362 0.031686153 0.935392201 -0.018044859
0.929998577 0.109642111 -0.350829184 0.003404164 -0.113065921 0.993529081 0.010778614 -0.000146699 0.349740833 0.029642731 0.936377466 -0.017622370
0.931186914 0.110120580 -0.347511262 0.003374025 -0.113050021 0.993517935 0.011901976 -0.000113881 0.346569389 0.028203189 0.937600255 -0.016963249
0.932827950 0.110500410 -0.342960119 0.003219358 -0.112927631 0.993518949 0.012952469 -0.000173048 0.342168629 0.026647253 0.939260542 -0.016823066
0.933549643 0.110827401 -0.340884447 0.003294892 -0.113301754 0.993479252 0.012707897 -0.000048488 0.340070158 0.026759354 0.940019310 -0.016876811
0.935207427 0.110548578 -0.336401224 0.003053504 -0.112263814 0.993573844 0.014411967 -0.000164282 0.335832834 0.024287514 0.941608429 -0.016108131
0.936540842 0.111928701 -0.332209438 0.003081077 -0.113368072 0.993438244 0.015112201 -0.000129218 0.331721038 0.023508754 0.943084538 -0.016036509
0.937944651 0.114569888 -0.327312648 0.002903695 -0.116114862 0.993124127 0.014887360 0.000085334 0.326767713 0.024042333 0.944798946 -0.015752725
0.938936472 0.114163548 -0.324599683 0.002978262 -0.115383282 0.993199110 0.015556354 0.000085999 0.324168056 0.022846941 0.945723593 -0.015428446
0.940062344 0.119357601 -0.319431663 0.002801151 -0.119937114 0.992619514 0.017932836 0.000034795 0.319214553 0.021453723 0.947439551 -0.015194305
0.941831589 0.117944099 -0.314710021 0.002758264 -0.117706724 0.992850363 0.019830713 -0.000074921 0.314798921 0.018366292 0.948980629 -0.015339949
0.943090796 0.117690869 -0.311012089 0.002739221 -0.116939664 0.992914140 0.021131610 -0.000088711 0.311295331 0.016440626 0.950170994 -0.014849579
0.943893850 0.123598129 -0.306248128 0.002718141 -0.122715406 0.992193282 0.022213737 -0.000034911 0.306602985 0.016613962 0.951692462 -0.014869468
0.945735037 0.121372871 -0.301419795 0.002610561 -0.119822003 0.992512405 0.023701867 -0.000065269 0.302039653 0.013701037 0.953196883 -0.014405851
0.946905971 0.124049798 -0.296615481 0.002635418 -0.122018620 0.992202044 0.025427891 -0.000079656 0.297456861 0.012114795 0.954658270 -0.014400602
0.948362231 0.125590608 -0.291265726 0.002485053 -0.122974262 0.992032886 0.027349019 -0.000153703 0.292379975 0.009881408 0.956251144 -0.014000476
0.949851811 0.126478776 -0.285979331 0.002356444 -0.123943605 0.991921008 0.027026068 0.000027036 0.287087172 0.009774546 0.957854509 -0.013760377
0.950799763 0.127518609 -0.282345414 0.002409963 -0.124457940 0.991805971 0.028827144 -0.000187393 0.283707857 0.007731283 0.958879590 -0.013573255
0.951726019 0.131636366 -0.277289599 0.002332806 -0.128267586 0.991275311 0.030337770 -0.000204998 0.278863996 0.006694009 0.960307360 -0.013412257
0.953491867 0.129221857 -0.272314429 0.002232907 -0.125933543 0.991597056 0.029596105 -0.000112658 0.273850739 0.006073876 0.961753011 -0.012942748
0.954253852 0.133347392 -0.267615527 0.002223021 -0.130605713 0.991035938 0.028104115 0.000020281 0.268964320 0.008133656 0.963115811 -0.012836767
0.955168605 0.132490590 -0.264762431 0.002176475 -0.129627988 0.991157591 0.028336633 0.000039381 0.266175717 0.007254366 0.963897228 -0.012477910
0.956061125 0.134006247 -0.260747850 0.002079045 -0.131281644 0.990951836 0.027921453 0.000030307 0.262130231 0.007536788 0.965003133 -0.012422782
0.956507027 0.136336729 -0.257888794 0.002046344 -0.134007037 0.990621269 0.026675675 0.000097125 0.259107053 0.009043453 0.965806186 -0.012397188
0.957720339 0.136010110 -0.253521115 0.001830597 -0.133626029 0.990672648 0.026684543 0.000096028 0.254785776 0.008320692 0.966961801 -0.011495830
0.958920598 0.136803746 -0.248507842 0.001677108 -0.134473801 0.990565121 0.026411215 0.000081773 0.249776423 0.008091524 0.968269765 -0.011433105
0.960734963 0.133950472 -0.242992759 0.001565965 -0.131715834 0.990959644 0.025496645 0.000141579 0.244211197 0.007510468 0.969693065 -0.011842673
0.961682200 0.134163558 -0.239097103 0.001544124 -0.131958783 0.990932763 0.025281237 0.000090503 0.240320876 0.007238439 0.970666587 -0.011615276
0.962347925 0.133705378 -0.236663088 0.001637782 -0.131715909 0.990990400 0.024271671 0.000081187 0.237776145 0.007814498 0.971288502 -0.011000170
0.963502705 0.133575097 -0.231991559 0.001685463 -0.131773695 0.991005599 0.023317106 0.000108090 0.233019531 0.008104282 0.972438276 -0.010562519
0.965153873 0.134772360 -0.224309176 0.001292075 -0.133238539 0.990839064 0.022032270 0.000248971 0.225223675 0.008622097 0.974268854 -0.009771875
0.966376245 0.133081838 -0.220014080 0.001373008 -0.131513715 0.991074085 0.021826748 0.000231797 0.220954895 0.007842022 0.975252628 -0.010191846
0.968252599 0.129852891 -0.213600412 0.001166777 -0.128246993 0.991510868 0.021418726 0.000257740 0.214568466 0.006654879 0.976686239 -0.009497900
0.969356060 0.130380496 -0.208205879 0.001144559 -0.128727078 0.991446316 0.021530824 0.000160895 0.209232107 0.005930706 0.977847993 -0.009832277
0.970734656 0.128426492 -0.202930629 0.001059052 -0.127128795 0.991695046 0.019472525 0.000287296 0.203746125 0.006895672 0.978999376 -0.009013365
0.971604645 0.127177909 -0.199524850 0.001185460 -0.126097262 0.991851509 0.018167751 0.000280436 0.200209558 0.007507662 0.979724288 -0.008983235
0.972714841 0.128180116 -0.193379581 0.001032029 -0.127325475 0.991717160 0.016894195 0.000303574 0.193943426 0.008188924 0.980978370 -0.008812671
0.973627746 0.127938002 -0.188893542 0.000851386 -0.127317488 0.991741478 0.015466686 0.000321116 0.189312354 0.008990661 0.981875658 -0.008629608
0.974900484 0.125902146 -0.183623970 0.000804238 -0.125535712 0.991994917 0.013666461 0.000342778 0.183874682 0.009727923 0.982901454 -0.008052728
0.976160526 0.122420833 -0.179232225 0.000791871 -0.122198544 0.992429018 0.012322731 0.000370075 0.179383814 0.009872960 0.983729482 -0.008059845
0.976986468 0.121472418 -0.175333306 0.000806108 -0.121387579 0.992541432 0.011249169 0.000438354 0.175392017 0.010293001 0.984444737 -0.007898442
0.977658629 0.121514268 -0.171516806 0.000786136 -0.121517234 0.992533565 0.010521413 0.000420872 0.171514705 0.010555908 0.985125005 -0.007554731
0.979920983 0.111832745 -0.165070429 0.000687115 -0.111527830 0.993698776 0.011144450 0.000156494 0.165276647 0.007489261 0.986218810 -0.007722518
0.979386806 0.118383475 -0.163667262 0.000686407 -0.118427590 0.992917180 0.009522582 0.000384430 0.163635328 0.010056436 0.986469686 -0.007261754
0.981459916 0.109889016 -0.157037318 0.000614961 -0.109738447 0.993913591 0.009655555 0.000220071 0.157142535 0.007756498 0.987545431 -0.007666257
0.981738806 0.110867172 -0.154587716 0.000641103 -0.110836633 0.993799388 0.008843378 0.000249798 0.154609606 0.008452093 0.987939537 -0.007444605
0.982815862 0.101763196 -0.154004157 0.000933211 -0.101625293 0.994783938 0.008788441 -0.000110409 0.154095232 0.007013296 0.988031089 -0.007051507
0.983696222 0.100676879 -0.149016649 0.000771137 -0.100545108 0.994896770 0.008437039 -0.000166637 0.149105534 0.006683409 0.988798797 -0.006724334
0.984316647 0.100004412 -0.145325959 0.000809612 -0.099941827 0.994963050 0.007750018 -0.000167375 0.145368963 0.006895669 0.989353359 -0.006459701
0.984819472 0.101730719 -0.140646726 0.000713647 -0.101719856 0.994786561 0.007285184 -0.000077330 0.140654534 0.007131970 0.990033090 -0.006546285
0.985640764 0.097685613 -0.137730911 0.000707424 -0.097625740 0.995197237 0.007206304 -0.000180770 0.137773290 0.006343254 0.990443528 -0.006254671
0.985948265 0.098434880 -0.134969443 0.000766013 -0.098483570 0.995118678 0.006332345 -0.000105662 0.134933904 0.007048908 0.990829468 -0.006151340
0.986888826 0.095672689 -0.129989505 0.000647255 -0.095635869 0.995395064 0.006540080 -0.000143456 0.130016565 0.005977327 0.991493881 -0.005909520
0.987337947 0.096313216 -0.126045540 0.000694639 -0.096229672 0.995336294 0.006765907 -0.000173966 0.126109317 0.005449083 0.992001295 -0.005693790
0.988285542 0.092428565 -0.121444523 0.000617302 -0.092292935 0.995709002 0.006753752 -0.000202836 0.121547639 0.004533836 0.992575169 -0.005692941
0.988824964 0.090826377 -0.118219294 0.000642164 -0.090683371 0.995858014 0.006599414 -0.000226979 0.118329041 0.004194860 0.992965579 -0.005373457
0.989810050 0.087068506 -0.112671807 0.000551085 -0.086799793 0.996199071 0.007297786 -0.000349428 0.112878926 0.002556463 0.993605614 -0.005039274
0.990517318 0.085965127 -0.107168406 0.000522469 -0.085793659 0.996293545 0.006218185 -0.000245326 0.107305713 0.003035144 0.994221568 -0.004985992
0.991106689 0.084031381 -0.103181586 0.000614190 -0.083898105 0.996458590 0.005638830 -0.000248887 0.103289977 0.003068056 0.994646609 -0.004342696
0.991789281 0.082690381 -0.097551957 0.000543270 -0.082477786 0.996573627 0.006216826 -0.000303036 0.097731754 0.001880084 0.995210946 -0.003961259
0.992336333 0.082603686 -0.091899790 0.000510263 -0.082404636 0.996581256 0.005965153 -0.000277726 0.092078313 0.001653527 0.995750487 -0.003891800
0.992573202 0.083321452 -0.088634595 0.000605357 -0.083070047 0.996522367 0.006527717 -0.000294233 0.088870250 0.000883643 0.996042848 -0.003717962
0.993082762 0.083235681 -0.082816884 0.000476279 -0.082923099 0.996529877 0.007212984 -0.000327832 0.083129853 -0.000295657 0.996538579 -0.003406931
0.993382394 0.084795021 -0.077466756 0.000413149 -0.084516957 0.996398449 0.006867052 -0.000331445 0.077769987 -0.000274353 0.996971250 -0.003183848
0.993541956 0.087414220 -0.072341748 0.000416163 -0.087176494 0.996172071 0.006443199 -0.000259955 0.072628036 -0.000095089 0.997359037 -0.003057786
0.993675470 0.089859292 -0.067340150 0.000464588 -0.089597471 0.995954216 0.006904454 -0.000253866 0.067688122 -0.000827279 0.997706056 -0.002538500
0.994113624 0.089028031 -0.061741773 0.000422632 -0.088845491 0.996028960 0.005701710 -0.000268945 0.062004223 -0.000182673 0.998075843 -0.002248694
0.994334102 0.089882284 -0.056752950 0.000246578 -0.089798793 0.995951891 0.004024695 -0.000140018 0.056884911 0.001094455 0.998380125 -0.002105347
0.994935334 0.085606538 -0.052678682 0.000416005 -0.085508510 0.996328831 0.004116674 -0.000301924 0.052837707 0.000408648 0.998603046 -0.001973462
0.995127857 0.086644232 -0.047048081 0.000176433 -0.086627468 0.996237814 0.002399104 -0.000147866 0.047078922 0.001688239 0.998889685 -0.001729120
0.995376766 0.086368591 -0.042020783 0.000221532 -0.086367764 0.996261537 0.001838792 -0.000185385 0.042022470 0.001798949 0.999115050 -0.001438634
0.995393574 0.088890605 -0.035918910 0.000262947 -0.088873610 0.996040702 0.002073562 -0.000237879 0.035961002 0.001128231 0.999352455 -0.001404550
0.995807230 0.086903781 -0.028562056 0.000171953 -0.086894840 0.996216357 0.001557546 -0.000183760 0.028589314 0.000930878 0.999590874 -0.001133861
0.995975792 0.086769275 -0.022438211 0.000211574 -0.086774707 0.996227741 0.000734441 -0.000180418 0.022417262 0.001215582 0.999747872 -0.000745987
0.996105373 0.086671121 -0.016197100 0.000218484 -0.086681038 0.996236086 0.000091793 -0.000209368 0.016144054 0.001312543 0.999868751 -0.000410180
0.996296585 0.085433319 -0.009714037 0.000218981 -0.085449196 0.996341765 -0.001226701 -0.000149261 0.009573638 0.002052211 0.999952078 -0.000309345
0.996508598 0.083469853 -0.001825899 0.000173880 -0.083473302 0.996508420 -0.001893623 -0.000187312 0.001661420 0.002039424 0.999996603 0.000070660
0.996772289 0.080184951 0.003984020 0.000268818 -0.080175005 0.996777356 -0.002609148 -0.000232057 -0.004180401 0.002281305 0.999988556 0.000504432
0.996814311 0.078952715 0.011317357 0.000266856 -0.078914605 0.996874511 -0.003777519 -0.000157445 -0.011580244 0.002872377 0.999928772 0.000779402
0.996543109 0.080617830 0.020071330 0.000229660 -0.080537334 0.996739984 -0.004789495 -0.000157286 -0.020392071 0.003156445 0.999787152 0.000948451
0.996553004 0.077734374 0.028978985 0.000165162 -0.077634797 0.996971428 -0.004547817 -0.000261209 -0.029244769 0.002282361 0.999569654 0.001089433
0.996238828 0.078486226 0.036717027 0.000199478 -0.078330792 0.996911347 -0.005655377 -0.000163699 -0.037047535 0.002758030 0.999309659 0.001328253
0.996233582 0.074945398 0.043613940 0.000310502 -0.074745826 0.997183323 -0.006191552 -0.000158373 -0.043955144 0.002908269 0.999029338 0.001748521
0.995931149 0.073735148 0.051811334 0.000216639 -0.073548511 0.997276545 -0.005502804 -0.000172511 -0.052076012 0.001669767 0.998641729 0.001850979
0.995176196 0.077888064 0.059649553 0.000122991 -0.077681281 0.996961594 -0.005780863 -0.000205438 -0.059918568 0.001119323 0.998202622 0.002222326
0.994706094 0.078926362 0.065808699 0.000298485 -0.078703463 0.996880233 -0.005976790 -0.000161635 -0.066075079 0.000765775 0.997814298 0.002564762
0.994107604 0.078906849 0.074324206 0.000244370 -0.078646846 0.996881902 -0.006422890 -0.000170878 -0.074599244 0.000539680 0.997213483 0.002773546
0.993463218 0.079227380 0.082182884 0.000401230 -0.078923978 0.996856570 -0.006938846 -0.000120719 -0.082474358 0.000407285 0.996593058 0.003370994
0.992627978 0.080425084 0.090673849 0.000405166 -0.080152869 0.996760607 -0.006645313 -0.000147286 -0.090914592 -0.000671450 0.995858490 0.003634423
0.991878211 0.080391958 0.098565742 0.000429183 -0.080212533 0.996761084 -0.005788045 -0.000177851 -0.098711774 -0.002165171 0.995113671 0.003626308
0.990924954 0.082715608 0.105952419 0.000407381 -0.082705095 0.996563852 -0.004500511 -0.000113900 -0.105960682 -0.004303135 0.994361103 0.004234110
0.990145266 0.082723632 0.113001108 0.000452560 -0.082794547 0.996558428 -0.004073454 -0.000106102 -0.112949185 -0.005322565 0.993586481 0.004509105
0.989565492 0.082011826 0.118467376 0.000710593 -0.081941620 0.996622264 -0.005471565 -0.000018075 -0.118515983 -0.004292939 0.992942870 0.004732194
0.988483250 0.084269218 0.125696868 0.000575120 -0.084488176 0.996418238 -0.003597638 -0.000017329 -0.125549763 -0.007063691 0.992062151 0.005112926
0.987391174 0.085726634 0.133078977 0.000536136 -0.086054020 0.996285200 -0.003300352 -0.000031686 -0.132867530 -0.008193245 0.991100013 0.005388803
0.986976445 0.080297105 0.139391065 0.000514753 -0.080652066 0.996737540 -0.003109428 -0.000039416 -0.139185995 -0.008173245 0.990232587 0.005339441
0.986013889 0.084563516 0.143617392 0.000706021 -0.084959179 0.996378720 -0.003386723 -0.000028997 -0.143383726 -0.008862260 0.989627540 0.005743729
0.985484600 0.084747709 0.147100076 0.000786946 -0.085115552 0.996363997 -0.003803741 -0.000023655 -0.146887586 -0.008771973 0.989114344 0.005844714
