1.000000000 0.000000000 0.000000000 0.000000000 0.000000000 1.000000000 0.000000000 0.000000000 0.000000000 0.000000000 1.000000000 0.000000000
0.999978840 0.004668969 -0.004516055 0.000092118 -0.004675374 0.999988019 -0.001408641 0.000156989 0.004509424 0.001429725 0.999988794 -0.000177709
0.999978423 0.003732615 -0.005393057 0.000098980 -0.003739372 0.999992251 -0.001243257 0.000171578 0.005388374 0.001263397 0.999984682 -0.000134890
0.999975383 0.003857690 -0.005858812 0.000162524 -0.003869216 0.999990582 -0.001957173 0.000149876 0.005851206 0.001979795 0.999980867 -0.000338842
0.999992967 0.003261102 -0.001840732 0.000040882 -0.003264851 0.999992549 -0.002037873 0.000101900 0.001834073 0.002043868 0.999996245 -0.000258762
0.999994397 0.002575003 -0.002134564 0.000040481 -0.002578494 0.999995351 -0.001634567 0.000096529 0.002130345 0.001640062 0.999996364 -0.000317158
0.999957383 0.007930044 -0.004729617 -0.000019907 -0.007931351 0.999968529 -0.000257527 0.000141947 0.004727425 0.000295029 0.999988735 -0.000239486
0.999940813 0.009759100 -0.004829074 -0.000096750 -0.009755715 0.999952137 0.000724141 0.000217141 0.004835910 -0.000676987 0.999988019 -0.000310196
0.999999523 -0.000337619 -0.000892154 0.000001523 0.000339793 0.999996901 0.002437869 -0.000021808 0.000891328 -0.002438170 0.999996662 -0.000157211
0.999977171 0.005016267 -0.004529509 -0.000016143 -0.005008815 0.999986112 0.001655230 0.000175155 0.004537750 -0.001632505 0.999988317 -0.000407055
0.999964237 0.002775361 -0.007998819 -0.000053729 -0.002743424 0.999988198 0.004000952 0.000090435 0.008009826 -0.003978865 0.999960005 -0.000492633
0.999963105 0.002136392 -0.008314498 -0.000122471 -0.002115491 0.999994516 0.002521850 0.000135357 0.008319841 -0.002504168 0.999962270 -0.000416463
0.999981344 0.000906666 -0.006037842 -0.000184801 -0.000890735 0.999996126 0.002640547 0.000030617 0.006040212 -0.002635119 0.999978304 -0.000493554
0.999982834 0.004696667 -0.003497329 -0.000050334 -0.004691871 0.999988019 0.001377984 0.000121006 0.003503758 -0.001361552 0.999992847 -0.000151006
0.999972939 -0.002332339 0.006974723 -0.000167932 0.002335397 0.999997139 -0.000430310 -0.000026314 -0.006973702 0.000446588 0.999975562 -0.000777490
0.999605775 -0.003315037 0.027879901 -0.000106676 0.003342321 0.999993980 -0.000932075 -0.000087592 -0.027876647 0.001024891 0.999610841 0.000074382
0.999147296 0.003567083 0.041132994 -0.000171801 -0.003517964 0.999993026 -0.001266435 0.000081242 -0.041137226 0.001120651 0.999152839 0.000153782
0.998725295 -0.010118444 0.049451027 0.000074465 0.010229133 0.999945700 -0.001985787 -0.000214899 -0.049428243 0.002489097 0.998774529 0.000946391
0.998210430 -0.008359280 0.059212439 -0.000214924 0.008487746 0.999962151 -0.001918389 -0.000235055 -0.059194166 0.002417536 0.998243511 0.000530988
0.997272789 -0.017411487 0.071720153 -0.000105419 0.017565064 0.999844551 -0.001511166 -0.000332086 -0.071682684 0.002766814 0.997423768 0.000814145
0.996008217 -0.031651706 0.083462782 0.001205805 0.031969741 0.999485910 -0.002476357 -0.001291031 -0.083341487 0.005134754 0.996507943 0.000311534
0.994279563 -0.020480376 0.104826964 0.001011805 0.021662273 0.999713778 -0.010148486 -0.001289517 -0.104589112 0.012361223 0.994438708 -0.000591527
0.992090702 -0.020902749 0.123770654 0.001071975 0.023027906 0.999610543 -0.015764350 -0.001348542 -0.123392917 0.018489843 0.992185652 -0.000852752
0.989984751 -0.019555816 0.139813170 0.000947927 0.022497492 0.999556839 -0.019490452 -0.001391445 -0.139370099 0.022440696 0.989986062 -0.001543867
0.989480555 -0.009122020 0.144378141 0.001464303 0.012502419 0.999668121 -0.022523543 -0.001467830 -0.144124746 0.024091681 0.989266157 -0.000646401
0.988361895 -0.004580784 0.152052820 0.000948647 0.009276463 0.999501228 -0.030186880 -0.001365567 -0.151838720 0.031246072 0.987911284 -0.001415949
0.989087105 -0.005718620 0.147220910 0.000069306 0.012476576 0.998908103 -0.045021079 -0.001439546 -0.146802709 0.046366584 0.988078475 -0.003999189
0.991949022 -0.008396913 0.126358494 -0.000789337 0.015128424 0.998511136 -0.052408159 -0.001492965 -0.125730291 0.053897832 0.990599275 -0.007083157
0.996121705 -0.012048428 0.087158360 0.000017565 0.017159006 0.998161793 -0.058126096 -0.002114264 -0.086297810 0.059396211 0.994497359 -0.009895352
0.999027848 -0.021876760 0.038270593 0.000895720 0.024203463 0.997817993 -0.061428659 -0.002315281 -0.036843222 0.062295225 0.997377515 -0.014379947
0.996769071 -0.078059137 -0.018927369 0.002157540 0.076642171 0.994830310 -0.066625141 -0.002840551 0.024030222 0.064959250 0.997598529 -0.016489791
0.988019884 -0.143511057 -0.056756672 0.001629464 0.140006587 0.988235593 -0.061551206 -0.004634241 0.064922228 0.052867506 0.996488869 -0.020227768
0.979400635 -0.169403642 -0.109894268 0.002467496 0.162613034 0.984335244 -0.068125702 -0.003766323 0.119713545 0.048852112 0.991605818 -0.020525448
0.974122941 -0.176316544 -0.141410425 0.002882855 0.167226151 0.983147144 -0.073871858 -0.003639128 0.152052075 0.048312757 0.987190962 -0.018855141
0.971008778 -0.177976683 -0.159581289 0.003218705 0.166407630 0.982536376 -0.083250888 -0.003531476 0.171611145 0.054281786 0.983668149 -0.019784968
0.967697382 -0.182761624 -0.173666358 0.003491716 0.169680014 0.981604457 -0.087528467 -0.003626991 0.186468557 0.055233348 0.980907083 -0.021491122
0.963739574 -0.187098354 -0.190264106 0.003792680 0.172947392 0.980938673 -0.088591672 -0.003667683 0.203212783 0.052473627 0.977727354 -0.022799965
0.959463954 -0.185245857 -0.212397933 0.003982114 0.169548839 0.981400013 -0.090039931 -0.003525910 0.225126877 0.050378256 0.973026097 -0.022407068
0.955476105 -0.188012004 -0.227413878 0.004019571 0.171337217 0.980986774 -0.091150023 -0.003452113 0.240227342 0.048127204 0.969522834 -0.022764571
0.956230104 -0.187600642 -0.224566296 0.003883434 0.171142593 0.981051803 -0.090816133 -0.003448203 0.237348363 0.048408259 0.970217705 -0.022811890
0.956819832 -0.187638730 -0.222007796 0.003775868 0.171459809 0.981052279 -0.090209842 -0.003568943 0.234728098 0.048249152 0.970862865 -0.021978915
0.958482206 -0.186742082 -0.215497747 0.003583374 0.170758113 0.981128097 -0.090716891 -0.003496731 0.228371531 0.050152536 0.972281396 -0.021939486
0.960725784 -0.185300454 -0.206566408 0.003175867 0.170257181 0.981415153 -0.088524878 -0.003435313 0.219131157 0.049878728 0.974419653 -0.020092968
0.963689923 -0.184568539 -0.192966849 0.003297095 0.171645939 0.981755495 -0.081815585 -0.003350954 0.204546794 0.045722865 0.977788329 -0.018985925
0.968057930 -0.175649941 -0.178915381 0.002699480 0.164366901 0.983454347 -0.076164782 -0.003335928 0.189333469 0.044324171 0.980911851 -0.017947156
0.973496258 -0.172533274 -0.150123850 0.002104972 0.163391784 0.983979464 -0.071326792 -0.003170414 0.160025001 0.044907361 0.986091077 -0.016108073
0.977777779 -0.168643221 -0.124540232 0.002008104 0.161279544 0.984625995 -0.067086510 -0.003270674 0.133939251 0.045509916 0.989943981 -0.015857866
0.981621921 -0.167117193 -0.092142329 0.001471389 0.161756471 0.984823108 -0.062915295 -0.003368501 0.101258114 0.046854425 0.993756175 -0.015786130
0.983606040 -0.166615099 -0.068981588 0.001347383 0.162317231 0.984670520 -0.063854180 -0.003376614 0.078563176 0.051610481 0.995572269 -0.014745725
0.987981677 -0.152415380 -0.025724355 0.001252190 0.150498241 0.986486256 -0.064770304 -0.003112881 0.035248715 0.060120411 0.997568488 -0.012106683
0.989643455 -0.143541247 0.001405465 0.001598470 0.143382952 0.987987697 -0.057633530 -0.003048956 0.006884208 0.057238158 0.998336732 -0.011213196
0.990605772 -0.134672552 0.023735465 0.001795350 0.135748893 0.989385903 -0.051843945 -0.002869313 -0.016501576 0.054578979 0.998373091 -0.010841373
0.990248203 -0.132183194 0.044001509 0.001864209 0.134217039 0.989836454 -0.047009286 -0.002986025 -0.037340447 0.052456625 0.997924864 -0.010368613
0.989168525 -0.129579157 0.068955600 0.001971096 0.132671967 0.990256011 -0.042322751 -0.003071380 -0.062799543 0.051012799 0.996721566 -0.010261141
0.987996936 -0.120978266 0.096053749 0.002055456 0.125146702 0.991386831 -0.038606148 -0.003087182 -0.090555921 0.050163563 0.994627178 -0.009582516
0.982759416 -0.115899995 0.144052550 0.001983067 0.123254411 0.991434574 -0.043193616 -0.002856583 -0.137812585 0.060204044 0.988626897 -0.008242059
0.977698088 -0.099260539 0.185077712 0.001379526 0.108783275 0.993177831 -0.042003259 -0.002597329 -0.179645762 0.061199866 0.981825829 -0.008348024
0.970660567 -0.101714022 0.217881486 0.001291199 0.112920634 0.992815256 -0.039582849 -0.002636076 -0.212289929 0.063024826 0.975172222 -0.008260341
0.966372609 -0.093642384 0.239489242 0.001220470 0.105734453 0.993663371 -0.038122188 -0.002640768 -0.234401867 0.062162500 0.970150292 -0.007596145
0.963225842 -0.096256152 0.250860393 0.001011476 0.108825222 0.993383586 -0.036689479 -0.002747536 -0.245669067 0.062640183 0.967327654 -0.007984394
0.958520889 -0.089287460 0.270676315 0.001027741 0.103033260 0.993990362 -0.036976386 -0.002663580 -0.265748233 0.063331291 0.961960018 -0.007918450
0.954343140 -0.093023777 0.283858538 0.000969568 0.107207268 0.993627071 -0.034811661 -0.002801493 -0.278811216 0.063653976 0.958233953 -0.007885672
0.954892099 -0.094666757 0.281459212 0.000657303 0.110947631 0.992919445 -0.042445064 -0.002752903 -0.275448143 0.071757682 0.958633959 -0.008253830
0.953253627 -0.096221663 0.286441863 0.000512021 0.114567727 0.992257416 -0.047951847 -0.002799357 -0.279610038 0.078527264 0.956896842 -0.008067250
0.951714694 -0.095045298 0.291899830 0.000791859 0.115886435 0.991743147 -0.054917153 -0.002799851 -0.284270048 0.086092696 0.954870999 -0.007871181
0.952387512 -0.092749067 0.290440738 0.000454539 0.117448464 0.990695775 -0.068758674 -0.002698146 -0.281361133 0.099596709 0.954419434 -0.008293835
0.951670229 -0.094920836 0.292085350 0.000081136 0.124109544 0.988787830 -0.083040163 -0.002719528 -0.280928224 0.115277447 0.952780366 -0.009221741
0.954780638 -0.095097721 0.281691939 -0.000333587 0.131378487 0.984893143 -0.112806037 -0.002647599 -0.266708910 0.144713283 0.952850699 -0.010495154
0.956549585 -0.101868302 0.273195475 -0.001042609 0.140914947 0.981803536 -0.127298981 -0.002893057 -0.255256414 0.160265133 0.953498542 -0.012037273
0.958339870 -0.102436714 0.266629577 -0.001573093 0.145425811 0.978417516 -0.146801025 -0.002797195 -0.245837197 0.179460138 0.952553451 -0.012935496
0.959369719 -0.113193519 0.258450836 -0.002031850 0.161141470 0.971726656 -0.172570929 -0.002691315 -0.231609672 0.207206532 0.950485349 -0.014257936
0.965913355 -0.105386943 0.236441910 -0.002737288 0.152627021 0.969582438 -0.191350073 -0.002387190 -0.209084123 0.220915034 0.952617645 -0.016096037
0.980696678 -0.035943966 0.192203239 -0.002688291 0.075775295 0.976010501 -0.204111472 -0.002058909 -0.180255786 0.214735702 0.959893942 -0.018766623
0.985524714 -0.038099043 0.165195465 -0.003153254 0.074354276 0.972838700 -0.219217598 -0.001723910 -0.152356580 0.228327349 0.961589336 -0.019989599
0.989798725 -0.051595479 0.132802203 -0.003256859 0.081681632 0.969224930 -0.232230633 -0.001537791 -0.116733171 0.240709051 0.963551939 -0.022148829
0.994176149 -0.054548338 0.092942692 -0.003011207 0.076198496 0.965679228 -0.248309195 -0.000634046 -0.076207981 0.253945142 0.964211583 -0.024548195
0.996448517 -0.057620794 0.061401471 -0.003987735 0.071401194 0.964720726 -0.253408134 -0.000267734 -0.044633690 0.256892323 0.965408742 -0.029563224
0.997488976 -0.065720432 0.026392907 -0.003779792 0.070355371 0.962247074 -0.262927204 0.000222295 -0.008116806 0.264123857 0.964454591 -0.030951135
0.997075260 -0.076419137 0.001011400 -0.004727783 0.073998906 0.962019801 -0.262758285 0.001087699 0.019106776 0.262064517 0.964861155 -0.038329300
0.995598257 -0.093404308 -0.007731571 -0.006601397 0.088193044 0.961572707 -0.259999901 0.000902925 0.031719580 0.258173615 0.965577602 -0.040134888
0.993423045 -0.108602434 -0.036279544 -0.007359257 0.095525451 0.960776389 -0.260352582 0.000946074 0.063131467 0.255174637 0.964831710 -0.041903540
0.989884079 -0.120892599 -0.074259534 -0.006536696 0.097974084 0.961024106 -0.258521885 0.000618888 0.102618590 0.248631194 0.963146865 -0.041902568
0.987524807 -0.113895185 -0.108731762 -0.006335220 0.082538322 0.962467253 -0.258542299 0.000661727 0.134097487 0.246342391 0.959861100 -0.041719630
0.982009709 -0.125123695 -0.141425014 -0.006038461 0.085280269 0.962094367 -0.259040028 0.000608320 0.168476284 0.242319047 0.955456555 -0.041868821
0.977466285 -0.116865419 -0.175790131 -0.006165239 0.069084004 0.964008808 -0.256738037 0.002316321 0.199467033 0.238808468 0.950359643 -0.048070408
0.973237932 -0.117356837 -0.197573543 -0.006279661 0.065236054 0.965488911 -0.252141714 0.002258051 0.220345587 0.232504964 0.947306335 -0.047977492
0.966399550 -0.121625572 -0.226448983 -0.005899779 0.063358672 0.966502011 -0.248716265 0.002378977 0.249113649 0.226011768 0.941733003 -0.048494320
0.961714864 -0.121813938 -0.245491549 -0.005750651 0.061187290 0.968612313 -0.240927890 0.002221954 0.267134547 0.216682956 0.938982248 -0.049116265
0.955999792 -0.124051765 -0.265848696 -0.005748738 0.061048444 0.970482051 -0.233319461 0.002062767 0.286945105 0.206823677 0.935353696 -0.048511233
0.953166187 -0.119771928 -0.277720630 -0.006896743 0.057785831 0.973448992 -0.221490085 0.001502793 0.296875149 0.195068568 0.934779882 -0.046877634
0.948061824 -0.119175538 -0.294916630 -0.006748580 0.060291227 0.977679968 -0.201262698 0.001263482 0.312319726 0.173028618 0.934086442 -0.046165105
0.946304858 -0.115835339 -0.301809818 -0.006865370 0.059458282 0.980037570 -0.189713240 0.001067288 0.317760378 0.161581501 0.934301734 -0.045787554
0.942325294 -0.111670606 -0.315519720 -0.006772278 0.056859437 0.982407391 -0.177884072 0.001065402 0.329833388 0.149684384 0.932096839 -0.045711596
0.940391779 -0.109304346 -0.322049379 -0.007115096 0.057340935 0.984346926 -0.166652828 0.001074788 0.335224181 0.138252363 0.931939304 -0.045171037
0.939524531 -0.106994532 -0.325339347 -0.007171172 0.058070291 0.985960364 -0.156556338 0.001131708 0.337522388 0.128196001 0.932547212 -0.044829316
0.939799130 -0.097298540 -0.327582836 -0.007361948 0.050835058 0.987748682 -0.147540569 0.001218127 0.337925106 0.122005805 0.933231533 -0.043870598
0.937076271 -0.082041211 -0.339348316 -0.007504181 0.038919523 0.990486801 -0.131988823 0.001374943 0.346948594 0.110476308 0.931354761 -0.043342866
0.938169181 -0.080947906 -0.336579919 -0.007386405 0.039770178 0.991041780 -0.127493039 0.001462778 0.343885094 0.106224202 0.932984233 -0.043081209
0.944073200 -0.069268286 -0.322378188 -0.007822771 0.032305516 0.992412686 -0.118630745 0.001369214 0.328149587 0.101581506 0.939148068 -0.042283144
0.948593318 -0.070260681 -0.308600187 -0.008086793 0.036266930 0.992755592 -0.114546612 0.001336799 0.314412743 0.097466156 0.944269538 -0.041593254
0.952008486 -0.068426304 -0.298324615 -0.008237926 0.037203245 0.993332446 -0.109116919 0.001224517 0.303801954 0.092781603 0.948206663 -0.040901992
0.954778671 -0.063853189 -0.290379912 -0.008109831 0.034296881 0.993799686 -0.105762690 0.001229180 0.295332789 0.091020830 0.951048791 -0.040563472
0.961616039 -0.055497043 -0.268727988 -0.008133852 0.030569132 0.994904399 -0.096076630 0.001077147 0.272690624 0.084174059 0.958412528 -0.039602898
0.965807259 -0.055885229 -0.253166050 -0.008432770 0.033197805 0.995110631 -0.093019180 0.001240493 0.257126540 0.081434064 0.962940514 -0.038490392
0.970738411 -0.051974352 -0.234446868 -0.008714844 0.031550385 0.995438099 -0.090042040 0.001181778 0.238057151 0.080010392 0.967949927 -0.037763286
0.974416077 -0.046781439 -0.219828695 -0.008708138 0.027972063 0.995735466 -0.087911658 0.001248960 0.223003879 0.079513475 0.971569300 -0.037865572
0.979155838 -0.039417896 -0.199248746 -0.008819534 0.022907296 0.996159971 -0.084501006 0.001219824 0.201814502 0.078175403 0.976298809 -0.036911450
0.985392213 -0.035231475 -0.166616261 -0.008896492 0.022176336 0.996582091 -0.079576068 0.001179933 0.168850377 0.074718706 0.982805431 -0.035280898
0.988088906 -0.024947710 -0.151848480 -0.008682240 0.013601508 0.997067750 -0.075305745 0.001085609 0.153281942 0.072343394 0.985530794 -0.035004579
0.989712656 -0.024863383 -0.140892640 -0.008928289 0.014334862 0.997061253 -0.075255387 0.001258293 0.142349690 0.072461531 0.987160504 -0.035380397
0.991742134 -0.026093069 -0.125564888 -0.009019033 0.016870318 0.997118533 -0.073960811 0.001268029 0.127132937 0.071231730 0.989324570 -0.034620591
0.993926466 -0.024024788 -0.107391559 -0.009183878 0.016130848 0.997144103 -0.073779531 0.001225856 0.108857386 0.071599118 0.991475403 -0.034676131
0.995668471 -0.020862488 -0.090603746 -0.009283777 0.013778301 0.996848762 -0.078121707 0.001331289 0.091948040 0.076534949 0.992818117 -0.034608480
0.998064697 -0.021722730 -0.058266424 -0.009195447 0.016823523 0.996383071 -0.083293259 0.001194853 0.059865043 0.082151815 0.994820237 -0.034516495
0.999073744 -0.022008827 -0.036977127 -0.009365188 0.018728469 0.996047139 -0.086829573 0.001068732 0.038741972 0.086056612 0.995536625 -0.034117363
0.999741852 -0.017969560 -0.013898837 -0.009519584 0.016698396 0.996093035 -0.086717226 0.000899076 0.015402804 0.086462758 0.996136010 -0.034170706
0.999824286 -0.012448634 0.014014696 -0.009454422 0.013628653 0.996069729 -0.087519035 0.000861581 -0.012870123 0.087694667 0.996064246 -0.035406597
0.999022365 -0.010222116 0.043012436 -0.009583648 0.014311098 0.995292068 -0.095858552 0.000676876 -0.041830063 0.096380368 0.994465232 -0.035811588
0.997393489 -0.012562494 0.071051113 -0.009473063 0.020418886 0.993615746 -0.110953562 0.000597565 -0.069203652 0.112115145 0.991282523 -0.035410624
0.995143116 0.018525252 0.096679293 -0.007628191 -0.006487047 0.992338955 -0.123374812 0.000298878 -0.098224163 0.122148439 0.987639487 -0.032992586
0.990983605 0.029965345 0.130589485 -0.006952283 -0.012070879 0.990673482 -0.135721743 0.000411884 -0.133438483 0.132921666 0.982102871 -0.032589737
0.985294282 0.014000937 0.170291498 -0.007064812 0.009985106 0.990215898 -0.139186129 -0.000345665 -0.170574084 0.138839677 0.975514233 -0.032367513
0.978665709 -0.000831610 0.205457330 -0.007392733 0.032797821 0.987800837 -0.152229369 -0.000511080 -0.202824324 0.155720219 0.966754138 -0.032932103
0.970540047 -0.002957749 0.240921423 -0.007313512 0.044688404 0.984784603 -0.167935029 -0.000774277 -0.236759022 0.173754081 0.955905139 -0.032342054
0.963832736 -0.002839756 0.266492844 -0.007100480 0.053990688 0.981289506 -0.184813052 -0.000739991 -0.260981828 0.192516983 0.945952177 -0.031613950
0.957160711 -0.002804291 0.289543718 -0.006921930 0.065783277 0.975911796 -0.208011568 -0.000995933 -0.281985700 0.218147621 0.934288740 -0.032086339
0.958496213 -0.012626559 0.284825772 -0.006749189 0.074636713 0.975291550 -0.207932100 -0.001906642 -0.275162727 0.220560551 0.935755491 -0.034029361
0.963104010 -0.006606610 0.269048601 -0.006604238 0.066518471 0.974525809 -0.214184001 -0.001285293 -0.260779709 0.224178150 0.939009070 -0.035932090
0.964775205 -0.014267683 0.262688398 -0.007026073 0.075001806 0.972005546 -0.222665474 -0.001140981 -0.252157599 0.234524220 0.938836932 -0.036792014
0.964150131 -0.014142772 0.264980167 -0.006860111 0.078149833 0.969424367 -0.232612938 -0.001213294 -0.253588438 0.244981945 0.935775936 -0.036549907
0.962478936 -0.008681205 0.271217167 -0.006837716 0.077692024 0.966462433 -0.244773984 -0.001030292 -0.259996235 0.256661266 0.930874288 -0.036308847
0.964037001 -0.003073550 0.265750378 -0.007747018 0.076614022 0.960697889 -0.266814411 -0.000758041 -0.254485756 0.277579129 0.926383793 -0.037757464
0.965106428 -0.002502508 0.261846364 -0.007701570 0.077167451 0.958266795 -0.275263429 -0.000734852 -0.250229865 0.285864472 0.925022423 -0.038379300
0.966021061 -0.005651374 0.258401245 -0.008366271 0.080707915 0.956364870 -0.280806661 -0.000482909 -0.245538935 0.292120159 0.924324811 -0.039357223
0.969362199 -0.007765222 0.245512739 -0.008050285 0.080703296 0.954082966 -0.288465917 -0.000478392 -0.231999546 0.299441636 0.925478756 -0.039236702
0.972168326 -0.008440512 0.234131455 -0.008918044 0.080526054 0.950503707 -0.300097018 0.000161297 -0.220009819 0.310598493 0.924729288 -0.040963180
0.974334538 -0.012896766 0.224735022 -0.009573014 0.084470399 0.946348548 -0.311912149 0.000175299 -0.208655000 0.322890252 0.923149467 -0.042149723
0.976668596 -0.016251054 0.214136153 -0.009765530 0.086172543 0.942992032 -0.321465790 0.000664817 -0.196704492 0.332418203 0.922391236 -0.043480072
0.979276717 -0.015382364 0.201941401 -0.009999178 0.082508788 0.940914512 -0.328439027 0.000739274 -0.184957445 0.338294655 0.922684848 -0.043720089
0.982679427 -0.019951431 0.184236571 -0.010238313 0.081909336 0.938562453 -0.335247964 0.000937209 -0.166228876 0.344532013 0.923940301 -0.044583034
0.984366000 -0.020572500 0.174929529 -0.010281753 0.080299035 0.936357737 -0.341740012 0.001239914 -0.156766176 0.350443929 0.923370659 -0.045019530
0.986499369 -0.019772016 0.162566811 -0.010492438 0.075769313 0.935150802 -0.346051991 0.001312561 -0.145182326 0.353697658 0.924023867 -0.045396660
0.990695238 -0.021382881 0.134408578 -0.010734661 0.068400301 0.932021677 -0.355889022 0.001531152 -0.117661797 0.361771077 0.924812138 -0.045998421
0.991727769 -0.021139128 0.126605704 -0.011451735 0.065650351 0.931107879 -0.358787030 0.001774726 -0.110299118 0.364130795 0.924793422 -0.047182523
0.992954969 -0.024829522 0.115861654 -0.011550019 0.065328464 0.930479586 -0.360471845 0.002155965 -0.098856561 0.365501374 0.925546408 -0.048767678
0.994515181 -0.031662397 0.099684961 -0.011361979 0.066123053 0.928783059 -0.364677727 0.002288898 -0.081039146 0.369268954 0.925782442 -0.048746690
0.995546222 -0.027483484 0.090179771 -0.011897105 0.058885179 0.928292871 -0.367157578 0.002379346 -0.073622487 0.370832652 0.925776839 -0.049178079
0.996430755 -0.036006380 0.076350972 -0.012265014 0.061756965 0.927557468 -0.368541926 0.002828213 -0.057550076 0.371941805 0.926470280 -0.050783258
0.998833299 -0.024187075 0.041796550 -0.012091829 0.037857458 0.929532766 -0.366791338 0.004550843 -0.029979646 0.367945760 0.929363847 -0.055370558
0.999514163 -0.024248298 0.019579554 -0.012526747 0.029759729 0.929156363 -0.368487000 0.005690574 -0.009257286 0.368890643 0.929426670 -0.058312591
0.999616802 -0.027666673 -0.000755522 -0.013248710 0.025415823 0.928414524 -0.370675862 0.007103151 0.010956805 0.370514721 0.928761959 -0.061534073
0.999430597 -0.028508367 -0.018049708 -0.013081022 0.019807687 0.928761542 -0.370148152 0.006799579 0.027316194 0.369579852 0.928797364 -0.061138436
0.998619914 -0.028758850 -0.043945681 -0.012686061 0.010359628 0.928174257 -0.372002006 0.007538959 0.051487602 0.371033341 0.927191079 -0.062658109
0.996993959 -0.039488081 -0.066662617 -0.012769624 0.011979287 0.928595424 -0.370900184 0.007473506 0.076548755 0.368986696 0.926276982 -0.062842116
0.994328320 -0.031742040 -0.101507939 -0.012714630 -0.007976536 0.929479420 -0.368787646 0.008519159 0.106055632 0.367505640 0.923954368 -0.064779907
0.991432488 -0.041150484 -0.123968944 -0.012517506 -0.007552399 0.929431796 -0.368917018 0.009029219 0.130401775 0.366692603 0.921157956 -0.065800570
0.988101900 -0.043014877 -0.147662967 -0.012147611 -0.014663423 0.929372370 -0.368852019 0.009411960 0.153100044 0.366628647 0.917683959 -0.066376776
0.984259188 -0.051447771 -0.169076934 -0.011551008 -0.014228324 0.930517137 -0.365971833 0.010176472 0.176157415 0.362616807 0.915138006 -0.068379723
0.978892624 -0.058631368 -0.195784450 -0.011142566 -0.017339420 0.930686653 -0.365406245 0.010736003 0.203638241 0.361088276 0.910025656 -0.069111064
0.972180426 -0.066029549 -0.224733964 -0.010314817 -0.020903358 0.931159675 -0.364012003 0.011346329 0.233298734 0.358583093 0.903874934 -0.070368372
0.963080943 -0.078563794 -0.257493436 -0.009047167 -0.020289036 0.932568908 -0.360421330 0.012797647 0.268446475 0.352339178 0.896545291 -0.074066080
0.959381223 -0.083311237 -0.269530982 -0.008835627 -0.019014558 0.934132695 -0.356419086 0.013015066 0.281471342 0.347066730 0.894605219 -0.074386522
0.954860687 -0.087899588 -0.283751130 -0.008500768 -0.017912967 0.936440945 -0.350367457 0.013130586 0.296513349 0.339634955 0.892596185 -0.074671715
0.952832878 -0.086158521 -0.291008860 -0.008514287 -0.020384418 0.938524306 -0.344610840 0.013610529 0.302810013 0.334288597 0.892500520 -0.075598113
0.950913429 -0.090858683 -0.295818120 -0.008197436 -0.015084833 0.941180170 -0.337568134 0.013639510 0.309089154 0.325460434 0.893610299 -0.075966217
0.950364769 -0.084509492 -0.299440980 -0.008088263 -0.018813670 0.945036471 -0.326422960 0.013902594 0.310568511 0.315854460 0.896539569 -0.076652445
0.951090872 -0.075434916 -0.299558997 -0.008022798 -0.019963786 0.952688992 -0.303290427 0.013891730 0.308265209 0.294437110 0.904587924 -0.076616049
0.953871071 -0.068403646 -0.292319953 -0.008304186 -0.021284970 0.955837548 -0.293123722 0.014013493 0.299461037 0.285824209 0.910289764 -0.076894209
0.956463337 -0.052603643 -0.287072778 -0.008165428 -0.028628640 0.961968243 -0.271656841 0.013895351 0.290445060 0.268048286 0.918581367 -0.078573555
0.955214202 -0.039571457 -0.293257147 -0.007747915 -0.036895279 0.967358589 -0.250710607 0.013924617 0.293605894 0.250302136 0.922574878 -0.078747481
0.957352519 -0.034146655 -0.286897153 -0.008805225 -0.035450045 0.971605599 -0.233934939 0.013483773 0.286739022 0.234128729 0.928958714 -0.077108741
0.961841583 -0.005189727 -0.273557782 -0.009203194 -0.054415740 0.976218522 -0.209848255 0.013484919 0.268141210 0.216726661 0.938685179 -0.075539246
0.963636279 0.009778867 -0.267038137 -0.009762796 -0.063849293 0.978809595 -0.194563434 0.013364352 0.259476811 0.204538539 0.943841100 -0.073572069
0.965530694 0.008769216 -0.260141313 -0.009911394 -0.057937797 0.981599271 -0.181950584 0.013290465 0.253758907 0.190750852 0.948272586 -0.071898647
0.968597412 0.013959063 -0.248241901 -0.010230940 -0.057286106 0.984089732 -0.168183520 0.013022198 0.241944641 0.177122936 0.953986526 -0.071290262
0.972310781 0.017147534 -0.233061671 -0.010380417 -0.055150945 0.985971034 -0.157541528 0.013010041 0.227090612 0.166032895 0.959615946 -0.070275262
0.976239026 0.017318247 -0.216002941 -0.010470185 -0.049831945 0.988028347 -0.146002561 0.012936040 0.210888505 0.153297290 0.965414941 -0.069908082
0.981026590 0.025273109 -0.192218453 -0.010425112 -0.049749088 0.991084754 -0.123595744 0.012771757 0.187381119 0.130813435 0.973537982 -0.067656778
0.983775973 0.033761434 -0.176195577 -0.010472966 -0.054238953 0.992143869 -0.112731494 0.012817526 0.171005353 0.120459192 0.977878690 -0.065328613
0.986800194 0.034096759 -0.158312201 -0.010589133 -0.051118601 0.993186474 -0.104725994 0.012865810 0.153662726 0.111436337 0.981819510 -0.064600490
0.989074469 0.041977149 -0.141313776 -0.010466207 -0.056289002 0.993508697 -0.098853387 0.013017219 0.136246860 0.105727784 0.985016882 -0.064594306
0.991562426 0.047298826 -0.120692194 -0.010762597 -0.058797311 0.993875861 -0.093560770 0.013019716 0.115527727 0.099867746 0.988270998 -0.063288763
0.993405223 0.052664924 -0.101846755 -0.011136599 -0.061705362 0.994229257 -0.087753467 0.013001400 0.096637510 0.093459234 0.990922093 -0.061824065
0.995598376 0.056088783 -0.075085081 -0.011114355 -0.061823178 0.995161653 -0.076362208 0.012936505 0.070438720 0.080668077 0.994248986 -0.061038997
0.996176839 0.061066251 -0.062471014 -0.011063872 -0.065775104 0.994910955 -0.076325998 0.013092881 0.057492159 0.080143221 0.995123982 -0.060007930
0.996965408 0.060946904 -0.048432656 -0.011216801 -0.064429075 0.995180190 -0.073924951 0.013007095 0.043693736 0.076821074 0.996086955 -0.059673496
0.997333109 0.064179108 -0.034747925 -0.011357829 -0.066659503 0.994901240 -0.075683892 0.013112676 0.029713424 0.077798344 0.996526241 -0.059015177
0.996982753 0.073670968 -0.024454657 -0.011516856 -0.075415134 0.993907988 -0.080370635 0.013334601 0.018384688 0.081972398 0.996465027 -0.058782645
0.996512353 0.083097845 -0.007610342 -0.011658891 -0.083443254 0.993016124 -0.083403833 0.013360769 0.000626512 0.083747983 0.996486783 -0.058784131
0.995822668 0.089052334 0.020171683 -0.011941089 -0.086854860 0.992000103 -0.091607958 0.013457306 -0.028168216 0.089473262 0.995590746 -0.057900615
0.995467424 0.089220375 0.032929342 -0.012293641 -0.085668519 0.991600573 -0.096897103 0.013229514 -0.041297939 0.093636900 0.994749665 -0.058362726
0.994661152 0.093361393 0.043964289 -0.012207252 -0.088406220 0.990677238 -0.103647418 0.013125545 -0.053231101 0.099207334 0.993641973 -0.057868596
0.994674861 0.089611135 0.050907690 -0.012048976 -0.083608501 0.990429699 -0.109811656 0.012899581 -0.060260825 0.104970604 0.992647886 -0.057634030
0.993995965 0.092465609 0.058497556 -0.012439571 -0.084941700 0.989116967 -0.120134838 0.012962859 -0.068969265 0.114444651 0.991032541 -0.058590025
0.992229462 0.105387367 0.066137999 -0.012359533 -0.096050724 0.986686587 -0.131239668 0.013129752 -0.079088479 0.123867244 0.989142001 -0.058438320
0.991315782 0.109748289 0.072445743 -0.012400664 -0.097573452 0.983195186 -0.154293522 0.012976598 -0.088161759 0.145884827 0.985365391 -0.059349716
0.991139174 0.115124822 0.066251487 -0.012115000 -0.102700166 0.980521262 -0.167424574 0.013240986 -0.084235705 0.159137025 0.983656168 -0.060363252
0.992305815 0.103300467 0.068249933 -0.012524425 -0.089690112 0.979768872 -0.178909585 0.013054966 -0.085350595 0.171411693 0.981495440 -0.060204472
0.993071437 0.103121087 0.056347076 -0.012363533 -0.090625696 0.977320313 -0.191394880 0.012987715 -0.074806005 0.184962347 0.979894400 -0.060669549
0.993646502 0.100875929 0.049904890 -0.012393304 -0.088484913 0.974231362 -0.207469746 0.013002948 -0.069547608 0.201735750 0.976967573 -0.060609791
0.994451404 0.097013235 0.040679663 -0.013058070 -0.084746629 0.967910647 -0.236573517 0.013322582 -0.062325045 0.231813386 0.970761538 -0.062021710
0.994177043 0.101459764 0.036303394 -0.013780608 -0.088984199 0.962980807 -0.254459858 0.014382188 -0.060776908 0.249747723 0.966401696 -0.064548187
0.994125783 0.104627341 0.027695086 -0.014105313 -0.093611188 0.959646165 -0.265171766 0.014048565 -0.054321721 0.261021465 0.963803291 -0.063969344
0.994282663 0.106477574 0.008021477 -0.014218114 -0.100042142 0.955178440 -0.278613895 0.014361736 -0.037328068 0.276218504 0.960369706 -0.064577207
0.994010508 0.109048441 -0.007168245 -0.014525745 -0.106411144 0.950857341 -0.290769696 0.014648179 -0.024892002 0.289790928 0.956766248 -0.065851927
0.995140731 0.096850753 -0.017739436 -0.015068380 -0.097672075 0.948229790 -0.302192777 0.014057536 -0.012446531 0.302457005 0.953081787 -0.065205410
0.994501948 0.091451250 -0.051014673 -0.014817998 -0.103106245 0.940282404 -0.324404001 0.013726747 0.018301055 0.327880383 0.944541991 -0.064805314
0.993764937 0.089151561 -0.066957198 -0.014519056 -0.106589824 0.935825706 -0.335959405 0.013389061 0.032708969 0.341001689 0.939493418 -0.064065784
0.993389547 0.088184267 -0.073491298 -0.014194131 -0.108520158 0.930158257 -0.350754976 0.013800081 0.037427466 0.356411546 0.933579147 -0.064495452
0.993515730 0.084593371 -0.075962365 -0.014257757 -0.106545642 0.925913095 -0.362398893 0.013990020 0.039678004 0.368142486 0.928922355 -0.065289706
0.993890166 0.079440810 -0.076625928 -0.014459343 -0.102533057 0.921519816 -0.374550581 0.014406816 0.040857729 0.380118877 0.924034774 -0.066046864
0.992628992 0.087077275 -0.084292874 -0.014138921 -0.113047272 0.915955186 -0.385027885 0.013730014 0.043681309 0.391718894 0.919047475 -0.064672187
0.992851138 0.085053071 -0.083741404 -0.013949731 -0.111898445 0.907420456 -0.405051619 0.014104201 0.041537788 0.411526531 0.910450757 -0.065751597
0.993478656 0.088084005 -0.072397247 -0.014065253 -0.110443369 0.901192844 -0.419110715 0.014308966 0.028326927 0.424373299 0.905044138 -0.066188686
0.995153069 0.074957125 -0.063654087 -0.013802801 -0.095312685 0.894534230 -0.436719954 0.014129133 0.024205489 0.440670252 0.897342563 -0.066261046
0.996101737 0.075042531 -0.046369608 -0.013857240 -0.087937877 0.886217713 -0.454846442 0.013847067 0.006960731 0.457150817 0.889361978 -0.066076979
0.996623576 0.076462179 -0.029916374 -0.014042483 -0.081501700 0.877139509 -0.473268986 0.014173949 -0.009946353 0.474109262 0.880409837 -0.066613480
0.995885432 0.087261602 -0.024451075 -0.014215641 -0.088104904 0.869153798 -0.486630589 0.014319258 -0.021212414 0.486782640 0.873265624 -0.066814184
0.996258080 0.086386636 -0.002674054 -0.014937002 -0.075674474 0.856938124 -0.509833813 0.015645673 -0.041751336 0.508128345 0.860268891 -0.069522187
0.996451795 0.083448321 0.010957233 -0.014885602 -0.065334558 0.849004149 -0.524331331 0.015979558 -0.053057302 0.521755040 0.851443827 -0.069841355
0.995738268 0.088641152 0.025454052 -0.014502370 -0.061407804 0.843187749 -0.534100652 0.015767507 -0.068805829 0.530261397 0.845037639 -0.069503114
0.995012522 0.095924422 0.027360206 -0.014672739 -0.066061586 0.839209020 -0.539781511 0.016214529 -0.074739158 0.535281897 0.841360390 -0.069997087
0.995995045 0.087821700 0.016770113 -0.014429646 -0.064664237 0.837095380 -0.543221712 0.016679389 -0.061744854 0.539961755 0.839421749 -0.070684291
0.995912254 0.088656485 0.017284287 -0.014498736 -0.065196037 0.837994516 -0.541769922 0.017112812 -0.062515549 0.538428485 0.840349078 -0.071382299
0.996264219 0.086268187 0.003903911 -0.013388850 -0.071759425 0.852166593 -0.518326759 0.017226398 -0.048041902 0.516110301 0.855173707 -0.072550200
0.994709730 0.101427935 -0.016274871 -0.012184445 -0.095874742 0.859761238 -0.501616001 0.017814355 -0.036885366 0.500522733 0.864937186 -0.074892163
0.995073497 0.095306508 -0.027301164 -0.011381498 -0.096354634 0.864911020 -0.492589623 0.017153351 -0.023333915 0.492793471 0.869833291 -0.074495792
0.995212317 0.096504509 -0.015470293 -0.011806872 -0.091599353 0.865754187 -0.492015570 0.016763274 -0.034088250 0.491076946 0.870448947 -0.073725097
0.995065093 0.099214822 -0.001342055 -0.011813886 -0.086955532 0.865437627 -0.493413061 0.016756611 -0.047792416 0.491094828 0.869794071 -0.073393948
0.994461715 0.104211688 0.013631265 -0.011915209 -0.083905935 0.865325093 -0.494138092 0.017007051 -0.063290432 0.490257740 0.869276583 -0.074013203
0.996728122 0.078078002 0.020902982 -0.012582673 -0.058128100 0.872117877 -0.485830754 0.017734300 -0.056162558 0.483026117 0.873802900 -0.075694293
0.995121241 0.095915571 0.023106609 -0.014327487 -0.072580360 0.870352566 -0.487050772 0.020870499 -0.066826649 0.482997477 0.873067915 -0.080056816
0.996202528 0.084300451 0.021771559 -0.014733525 -0.063257188 0.872606814 -0.484309614 0.022410182 -0.059825528 0.481093168 0.874625742 -0.084185034
0.997041345 0.075110056 0.016340019 -0.016239226 -0.057260185 0.867566586 -0.494013637 0.026122432 -0.051281441 0.491616458 0.869300604 -0.090515330
0.997040093 0.076802865 -0.003509213 -0.016683303 -0.068483695 0.866445601 -0.494552583 0.028389540 -0.034942515 0.493329138 0.869140625 -0.095093995
0.995656431 0.093075827 0.002199663 -0.021171523 -0.080112576 0.868544102 -0.489094168 0.033441164 -0.047433358 0.486793548 0.872228205 -0.105243117
0.994477749 0.104012579 -0.013976703 -0.023095902 -0.097534642 0.866837621 -0.488957614 0.035731278 -0.038742207 0.487620741 0.872195542 -0.110056326
0.994767904 0.095593393 -0.036037154 -0.024300525 -0.100920849 0.864740372 -0.491974682 0.038386777 -0.015866745 0.493037581 0.869863331 -0.115359895
0.994105697 0.091098167 -0.058778703 -0.024351573 -0.108264528 0.862716198 -0.493963033 0.041581303 0.005710215 0.497415036 0.867493868 -0.121481374
0.993099451 0.088024043 -0.077492408 -0.023689400 -0.114937663 0.861801684 -0.494051784 0.042764686 0.023294648 0.499549419 0.865972161 -0.123841569
0.991506875 0.092047215 -0.091877386 -0.023470445 -0.125584945 0.861243308 -0.492431045 0.043304197 0.033801880 0.499787182 0.865488410 -0.124579281
0.988010824 0.088933438 -0.126196235 -0.022923257 -0.139787212 0.862288892 -0.486741602 0.043305948 0.065530002 0.498546600 0.864382446 -0.124883384
0.988007605 0.087050185 -0.127527207 -0.023132529 -0.138982937 0.861191452 -0.488909990 0.043743379 0.067265615 0.500770867 0.862962306 -0.125788122
0.988582671 0.093679503 -0.118018672 -0.022826690 -0.139736101 0.863018334 -0.485461801 0.043765575 0.056374464 0.496410668 0.866255403 -0.126058176
0.987192750 0.110287040 -0.115269616 -0.022995340 -0.152473539 0.864811897 -0.478384972 0.043841422 0.046926871 0.489833862 0.870551944 -0.126032025
0.985457301 0.118579432 -0.121707477 -0.022620350 -0.162553817 0.866512179 -0.471945733 0.043702614 0.049497947 0.484866381 0.873186409 -0.125920549
0.983754218 0.123049185 -0.130715564 -0.022435965 -0.170604900 0.867423594 -0.467408061 0.043681651 0.055871572 0.482115358 0.874324381 -0.126008064
0.984769881 0.126452386 -0.119322889 -0.022722520 -0.168420628 0.864181280 -0.474157155 0.042447142 0.043158308 0.487032115 0.872317076 -0.122868374
0.985579550 0.126861259 -0.111977831 -0.022951253 -0.165204659 0.864576817 -0.474567533 0.042259507 0.036609210 0.486223370 0.873067379 -0.122752033
0.985350311 0.120000951 -0.121179037 -0.022662865 -0.163752124 0.864232361 -0.475696981 0.041475084 0.047642756 0.488571584 0.871222138 -0.120964959
0.981912434 0.120041385 -0.146416977 -0.022509728 -0.176501423 0.860214949 -0.478411674 0.042210136 0.068520851 0.495601267 0.865843117 -0.122323044
0.979016364 0.105182394 -0.174539059 -0.022167867 -0.178344160 0.856627822 -0.484130323 0.043294962 0.098593056 0.505099475 0.857411206 -0.124349222
0.975285828 0.093771994 -0.200060695 -0.021281751 -0.182066724 0.854074121 -0.487246484 0.043631397 0.125176564 0.511628985 0.850039184 -0.124574184
0.967145979 0.095783614 -0.235487401 -0.021118283 -0.200628400 0.856468797 -0.475614816 0.045036633 0.156131506 0.507234335 0.847547293 -0.126885176
0.959646702 0.094742633 -0.264768034 -0.020640794 -0.214324430 0.855963051 -0.470523477 0.045102246 0.182052955 0.508282483 0.841727674 -0.126952529
0.954724729 0.093386211 -0.282453090 -0.020567235 -0.222310945 0.854874551 -0.468793780 0.044862047 0.197683036 0.510361552 0.836930513 -0.126591220
0.952998161 0.078087226 -0.292740077 -0.020508002 -0.215676263 0.853441536 -0.474469513 0.044984806 0.212786525 0.515305698 0.830169797 -0.126668423
0.952891171 0.079543144 -0.292696357 -0.020531937 -0.218011156 0.850532293 -0.478608370 0.045371145 0.210877702 0.519872785 0.827806056 -0.127384380
0.952850640 0.081988037 -0.292153120 -0.020606615 -0.219782546 0.850311995 -0.478189409 0.045274056 0.209215477 0.519853354 0.828239858 -0.127311707
0.952760935 0.085410513 -0.291464388 -0.020615514 -0.221280620 0.852538288 -0.473511726 0.044928018 0.208041623 0.515638947 0.831164956 -0.126476839
0.952679396 0.092628777 -0.289519727 -0.020673081 -0.226433933 0.851688385 -0.472603977 0.044044878 0.202803805 0.515797138 0.832360446 -0.124479108
0.952429593 0.091881692 -0.290578008 -0.021035686 -0.226100951 0.852344871 -0.471578836 0.043195706 0.204343081 0.514845610 0.832573056 -0.122959957
0.953423321 0.099432431 -0.284775615 -0.021266468 -0.229769841 0.851071894 -0.472104102 0.043384176 0.195422038 0.515547872 0.834278405 -0.123011947
0.956403911 0.103167273 -0.273217767 -0.021140728 -0.227604136 0.849505782 -0.475958526 0.042926855 0.182996675 0.517394185 0.835951924 -0.122038737
0.962994695 0.100661457 -0.250016958 -0.021547442 -0.214272827 0.848631859 -0.483643502 0.043041218 0.163488135 0.519317985 0.838797092 -0.122441024
0.960954785 0.104105338 -0.256374747 -0.021574078 -0.220208406 0.848762095 -0.480740190 0.043984719 0.167553544 0.518425524 0.838546872 -0.123591468
0.957807899 0.089971259 -0.272963732 -0.021173269 -0.215254903 0.853883862 -0.473864496 0.043945447 0.190445200 0.512627900 0.837223470 -0.124152601
0.958133221 0.088706635 -0.272234946 -0.021136414 -0.213779792 0.854132593 -0.474084169 0.043943606 0.190470308 0.512434125 0.837336361 -0.124234781
