1.000000000 0.000000000 0.000000000 0.000000000 0.000000000 1.000000000 0.000000000 0.000000000 0.000000000 0.000000000 1.000000000 0.000000000
0.999999344 0.000307763 0.001095579 -0.000005754 -0.000307715 0.999999940 -0.000044491 0.000025681 -0.001095593 0.000044153 0.999999404 0.000215933
0.999995470 0.000466729 0.002969415 -0.000000039 -0.000464055 0.999999464 -0.000901322 0.000057588 -0.002969834 0.000899940 0.999995172 -0.000020004
0.999982953 0.002997454 0.005015722 0.000014553 -0.002997182 0.999995530 -0.000061779 0.000035207 -0.005015885 0.000046745 0.999987423 0.000319292
0.999963820 0.004786205 0.007033107 -0.000063419 -0.004782052 0.999988377 -0.000607119 0.000060590 -0.007035931 0.000573464 0.999975085 -0.000265200
0.999949276 0.002117621 0.009846247 -0.000051482 -0.002115123 0.999997735 -0.000264092 -0.000039042 -0.009846783 0.000243253 0.999951482 -0.000062803
0.999914110 0.003234809 0.012702334 -0.000044252 -0.003229736 0.999994695 -0.000419890 0.000008515 -0.012703625 0.000378829 0.999919236 -0.000033687
0.999855578 0.005687959 0.016016342 0.000074771 -0.005673168 0.999983430 -0.000968812 0.000055276 -0.016021587 0.000877809 0.999871254 0.000491133
0.999841571 0.005045690 0.017068774 0.000104406 -0.005043746 0.999987245 -0.000156981 -0.000002546 -0.017069349 0.000070865 0.999854326 -0.000165223
0.999766648 0.004021937 0.021225676 0.000083568 -0.004029315 0.999991834 0.000304847 0.000037852 -0.021224277 -0.000390301 0.999774635 0.000154152
0.999772251 0.004599290 0.020839980 0.000097101 -0.004609200 0.999989271 0.000427499 -0.000018277 -0.020837791 -0.000523457 0.999782741 -0.000099977
0.999698758 0.002631026 0.024401352 0.000078981 -0.002651046 0.999996185 0.000788138 0.000042213 -0.024399186 -0.000852590 0.999701917 0.000684543
0.999702871 0.003475560 0.024126099 -0.000042713 -0.003486481 0.999993861 0.000410637 -0.000036416 -0.024124524 -0.000494630 0.999708831 -0.000307924
0.999651730 0.000806522 0.026377292 -0.000000216 -0.000822189 0.999999464 0.000583105 -0.000056579 -0.026376808 -0.000604589 0.999651909 -0.000246449
0.999550045 -0.002260035 0.029909434 0.000071268 0.002247191 0.999997377 0.000463036 -0.000036065 -0.029910401 -0.000395616 0.999552488 0.000570462
0.999515831 -0.000350662 0.031111864 -0.000074261 0.000355949 0.999999940 -0.000164394 -0.000038019 -0.031111803 0.000175389 0.999515891 -0.000364541
0.999433637 -0.004017191 0.033408351 0.000026560 0.003997251 0.999991775 0.000663585 -0.000135512 -0.033410739 -0.000529668 0.999441564 -0.000227286
0.999364913 -0.006090357 0.035108808 0.000017380 0.006079311 0.999981403 0.000421411 -0.000103735 -0.035110723 -0.000207706 0.999383390 -0.000274693
