1.000000000 0.000000000 0.000000000 0.000000000 0.000000000 1.000000000 0.000000000 0.000000000 0.000000000 0.000000000 1.000000000 0.000000000
1.000000000 0.000122040 -0.000149753 -0.000002171 -0.000121996 0.999999940 0.000297808 -0.000015495 0.000149789 -0.000297789 0.999999940 -0.000015666
0.999999881 0.000439884 -0.000226594 0.000000527 -0.000439819 0.999999881 0.000284260 0.000022114 0.000226719 -0.000284160 0.999999940 0.000036388
0.999999344 0.001006786 -0.000530834 0.000010366 -0.001006028 0.999998391 0.001427598 -0.000035313 0.000532270 -0.001427063 0.999998868 0.000046403
0.999998808 0.001468115 -0.000538504 0.000004662 -0.001467239 0.999997497 0.001623882 -0.000054034 0.000540887 -0.001623090 0.999998569 0.000040826
0.999999285 0.000841150 -0.000822198 0.000011941 -0.000839731 0.999998152 0.001725471 -0.000048687 0.000823648 -0.001724779 0.999998152 -0.000016257
0.999998987 0.001082787 -0.000930202 0.000011266 -0.001081288 0.999998033 0.001610544 -0.000040447 0.000931945 -0.001609537 0.999998271 0.000000728
0.999999285 0.000747624 -0.000954050 0.000031461 -0.000745743 0.999997735 0.001969885 -0.000067181 0.000955521 -0.001969172 0.999997616 0.000063734
0.999999166 0.000870353 -0.000976816 0.000016662 -0.000868807 0.999998391 0.001581451 -0.000043575 0.000978191 -0.001580601 0.999998271 0.000034806
0.999999166 0.001122194 -0.000583648 0.000013995 -0.001120944 0.999997079 0.002137466 -0.000048633 0.000586045 -0.002136810 0.999997556 0.000130799
0.999998927 0.001287109 -0.000643755 0.000048480 -0.001285710 0.999996841 0.002170121 -0.000060197 0.000646546 -0.002169291 0.999997437 0.000234755
0.999999404 0.001091226 -0.000347577 0.000016143 -0.001090451 0.999996960 0.002223226 -0.000048079 0.000350002 -0.002222846 0.999997497 0.000103235
0.999998450 0.001734956 -0.000094909 0.000028343 -0.001734753 0.999996245 0.002092655 -0.000042271 0.000098539 -0.002092487 0.999997735 0.000157443
0.999998331 0.001741888 0.000584441 0.000024188 -0.001743152 0.999996066 0.002169349 -0.000031057 -0.000580660 -0.002170363 0.999997377 0.000176888
0.999992490 0.003792370 0.000751866 0.000025548 -0.003794383 0.999989092 0.002692837 -0.000037051 -0.000741646 -0.002695670 0.999996066 -0.000087108
0.999987125 0.004621861 0.002121894 -0.000021486 -0.004628862 0.999983728 0.003306490 -0.000044948 -0.002106578 -0.003316270 0.999992311 -0.000038245
0.999986231 0.004794242 0.002110861 0.000021558 -0.004801298 0.999982834 0.003349979 -0.000051211 -0.002094764 -0.003360068 0.999992132 -0.000046912
0.999980927 0.005415456 0.002977651 -0.000035089 -0.005426956 0.999977648 0.003867559 -0.000082818 -0.002956640 -0.003883644 0.999988079 -0.000115046
0.999982715 0.004661358 0.003560683 -0.000053021 -0.004672984 0.999983668 0.003263564 0.000003491 -0.003545412 -0.003280147 0.999988258 0.000035072
0.999975085 0.005980570 0.003742500 -0.000022120 -0.005995588 0.999973953 0.004014518 -0.000070342 -0.003718394 -0.004036856 0.999984920 -0.000008156
0.999963284 0.007108912 0.004782620 -0.000062108 -0.007130248 0.999964535 0.004458718 -0.000079147 -0.004750755 -0.004492654 0.999978662 0.000016972
0.999952972 0.007512124 0.006129273 -0.000061701 -0.007541968 0.999959707 0.004860382 -0.000089580 -0.006092515 -0.004906378 0.999969482 0.000084062
0.999942482 0.008159859 0.006956624 -0.000040023 -0.008199783 0.999949992 0.005729949 -0.000103762 -0.006909521 -0.005786662 0.999959409 0.000157806
0.999917746 0.010110801 0.007896616 -0.000067916 -0.010153231 0.999934077 0.005351576 -0.000030376 -0.007841987 -0.005431312 0.999954402 0.000141218
0.999895871 0.010704217 0.009679841 -0.000067373 -0.010763354 0.999923587 0.006077947 -0.000062256 -0.009614043 -0.006181501 0.999934673 0.000268715
0.999877453 0.011319285 0.010811617 -0.000032712 -0.011386148 0.999916375 0.006143117 -0.000015767 -0.010741178 -0.006265467 0.999922693 0.000320061
0.999851048 0.012206268 0.012195022 -0.000029621 -0.012279388 0.999906957 0.005939249 -0.000028572 -0.012121392 -0.006088111 0.999908030 0.000369945
0.999818563 0.012370853 0.014476310 -0.000013796 -0.012452505 0.999907017 0.005563964 0.000004858 -0.014406134 -0.005743221 0.999879777 0.000512017
0.999796212 0.012675164 0.015713234 -0.000023851 -0.012764182 0.999902904 0.005577918 0.000008754 -0.015641009 -0.005777348 0.999860883 0.000521545
0.999760330 0.013283560 0.017397480 0.000053504 -0.013374059 0.999897480 0.005095840 0.000042416 -0.017328007 -0.005327294 0.999835610 0.000790017
0.999672771 0.015811758 0.020106371 0.000019205 -0.015927207 0.999857366 0.005594816 0.000043272 -0.020015039 -0.005913225 0.999782085 0.000836690
0.999584198 0.018024174 0.022499530 0.000074482 -0.018163802 0.999816775 0.006017069 0.000071083 -0.022386957 -0.006423245 0.999728560 0.001065426
0.999515414 0.017227089 0.025921416 0.000117901 -0.017393691 0.999829292 0.006215436 0.000031740 -0.025809918 -0.006663295 0.999644518 0.001287996
0.999375045 0.019870866 0.029242536 0.000097939 -0.020041501 0.999783635 0.005553618 0.000112534 -0.029125856 -0.006136210 0.999556839 0.001396141
0.999261141 0.019725163 0.032990165 0.000091028 -0.019929873 0.999783933 0.005887805 0.000112529 -0.032866899 -0.006540943 0.999438286 0.001481811
0.999134004 0.020046415 0.036457017 -0.000023709 -0.020296166 0.999772906 0.006493337 0.000081848 -0.036318559 -0.007227652 0.999314129 0.001241758
0.999026000 0.019723320 0.039470389 -0.000001782 -0.020033268 0.999771357 0.007472548 0.000059656 -0.039313972 -0.008255992 0.999192715 0.001399005
0.998937547 0.021570720 0.040723938 0.000015325 -0.021877468 0.999735415 0.007101743 0.000104249 -0.040559974 -0.007985136 0.999145031 0.001354588
0.998864830 0.021535642 0.042482331 0.000001255 -0.021889601 0.999729156 0.007884176 0.000098140 -0.042301040 -0.008805148 0.999065995 0.001573304
0.998807669 0.020319745 0.044388045 -0.000014579 -0.020695586 0.999753654 0.008023995 0.000077555 -0.044214066 -0.008933066 0.998982012 0.001506738
0.998731792 0.017553363 0.047187626 0.000014042 -0.017922543 0.999811888 0.007411979 0.000145315 -0.047048647 -0.008248300 0.998858452 0.001708730
0.998613775 0.015757591 0.050216835 -0.000025482 -0.016157283 0.999840736 0.007563366 0.000114610 -0.050089665 -0.008364248 0.998709500 0.001766347
0.998509288 0.012674502 0.053086299 0.000029989 -0.013113090 0.999882519 0.007921684 0.000082650 -0.052979659 -0.008605999 0.998558342 0.002108554
0.998353064 0.011983360 0.056099836 0.000043635 -0.012400056 0.999897897 0.007085579 0.000159683 -0.056009207 -0.007769551 0.998399854 0.002105977
0.998277843 0.010673308 0.057680249 0.000121330 -0.011135544 0.999908268 0.007698312 0.000128080 -0.057592802 -0.008327357 0.998305261 0.002331883
0.998125374 0.008368495 0.060629565 0.000120823 -0.008908946 0.999922931 0.008649115 0.000148411 -0.060552519 -0.009173045 0.998122811 0.002418361
0.997885227 0.009849196 0.064250194 0.000152469 -0.010398557 0.999912262 0.008221522 0.000230288 -0.064163588 -0.008872244 0.997899890 0.002537684
0.997645795 0.009309305 0.067941010 0.000133909 -0.010026935 0.999897420 0.010229225 0.000181139 -0.067838803 -0.010886385 0.997636914 0.002678654
0.997377336 0.006988843 0.072037719 0.000221308 -0.007784153 0.999911845 0.010765379 0.000249954 -0.071956135 -0.011297897 0.997343779 0.003176657
0.996911347 0.014640128 0.077158563 -0.000034764 -0.015518999 0.999821186 0.010803137 0.000288800 -0.076986626 -0.011967192 0.996960282 0.002802403
0.996693730 0.013991645 0.080037177 0.000000922 -0.014957665 0.999822199 0.011482832 0.000306155 -0.079862297 -0.012642034 0.996725738 0.002998366
0.996335924 0.013613493 0.084436238 0.000055406 -0.014707931 0.999815524 0.012353163 0.000334280 -0.084252514 -0.013549781 0.996352255 0.003274708
0.995888174 0.015295900 0.089290172 0.000066655 -0.016617144 0.999762952 0.014072604 0.000347485 -0.089053735 -0.015498489 0.995906234 0.003457128
0.995500505 0.015410190 0.093495049 0.000088773 -0.016871084 0.999747276 0.014855057 0.000387190 -0.093242541 -0.016365582 0.995508790 0.003753775
0.995136678 0.012932961 0.097651236 0.000196561 -0.014629274 0.999753952 0.016675156 0.000269515 -0.097411528 -0.018022627 0.995080948 0.003886781
0.994768143 0.014470703 0.101129718 0.000250569 -0.016361404 0.999706089 0.017891373 0.000354527 -0.100841090 -0.019452391 0.994712353 0.004045549
0.994170845 0.017419785 0.106400095 0.000175718 -0.019622494 0.999613523 0.019690363 0.000380698 -0.106015980 -0.021663420 0.994128466 0.004138949
0.993564785 0.018299216 0.111777104 0.000119178 -0.020866098 0.999543726 0.021837680 0.000368053 -0.111326486 -0.024029503 0.993493438 0.004213040
0.993051589 0.021957062 0.115613304 0.000210719 -0.024786966 0.999425888 0.023096677 0.000451814 -0.115039796 -0.025801899 0.993025720 0.004567599
0.992273927 0.022386774 0.122029722 0.000152880 -0.025642172 0.999354243 0.025172098 0.000475618 -0.121387400 -0.028106727 0.992207229 0.004794979
0.991510212 0.022619786 0.128046080 0.000222809 -0.026365371 0.999270380 0.027632717 0.000462768 -0.127327621 -0.030774105 0.991383135 0.005035726
0.990871966 0.024229331 0.132610291 0.000250062 -0.028300995 0.999181390 0.028905539 0.000506176 -0.131801382 -0.032394692 0.990746677 0.005194039
0.990216494 0.025925651 0.137110010 0.000273357 -0.030312184 0.999090195 0.030001940 0.000552168 -0.136207432 -0.033864524 0.990101278 0.005397615
0.989541948 0.026824923 0.141729265 0.000325623 -0.031622525 0.998996735 0.031706907 0.000520631 -0.140736580 -0.035857163 0.989397407 0.005684365
0.988724828 0.029366711 0.146836698 0.000355055 -0.034491248 0.998877108 0.032475572 0.000551986 -0.145718127 -0.037173983 0.988627434 0.005797066
0.988000453 0.030919582 0.151324093 0.000396580 -0.036366250 0.998781443 0.033358686 0.000572322 -0.150108278 -0.038461499 0.987920940 0.006045361
0.987127125 0.029083639 0.157271221 0.000352919 -0.034770418 0.998832703 0.033528931 0.000489301 -0.156112507 -0.038565699 0.986986101 0.006479910
0.986396551 0.034118075 0.160803646 0.000390791 -0.039937045 0.998653829 0.033093918 0.000646656 -0.159458101 -0.039065756 0.986431241 0.006293114
0.985987127 0.029910278 0.164118141 0.000402122 -0.035818998 0.998807907 0.033161774 0.000530976 -0.162930638 -0.038575634 0.985883057 0.006707398
0.985164702 0.031885080 0.168623045 0.000319889 -0.037937015 0.998742044 0.032790564 0.000530055 -0.167365402 -0.038701151 0.985135019 0.006725787
0.984466076 0.033913415 0.172268555 0.000447747 -0.040163770 0.998650372 0.032926656 0.000573899 -0.170919433 -0.039334126 0.984499574 0.007081498
0.983706713 0.032787181 0.176765487 0.000451397 -0.039169483 0.998696268 0.032737479 0.000594280 -0.175461665 -0.039127886 0.983708382 0.007313299
0.982725620 0.035086975 0.181711927 0.000466531 -0.041653343 0.998605132 0.032445736 0.000646286 -0.180320084 -0.039454158 0.982816398 0.007434878
0.981852591 0.036211647 0.186156482 0.000467595 -0.042837616 0.998579323 0.031694017 0.000661719 -0.184744284 -0.039093349 0.982008815 0.007514327
0.981140256 0.034399439 0.190211758 0.000561810 -0.041138675 0.998653829 0.031594742 0.000660088 -0.188868821 -0.038823932 0.981234610 0.007767181
0.980358779 0.032855287 0.194466084 0.000632417 -0.039627653 0.998732269 0.031037200 0.000685521 -0.193199769 -0.038133830 0.980418086 0.007769133
0.979268610 0.031897988 0.200038165 0.000650884 -0.038662951 0.998801708 0.030002519 0.000741895 -0.198841438 -0.037114598 0.979328871 0.007962502
0.978122413 0.030708440 0.205751643 0.000613822 -0.038032174 0.998772442 0.031734254 0.000652956 -0.204524577 -0.038865179 0.978089571 0.007999181
0.977071226 0.030535826 0.210712701 0.000729102 -0.037970852 0.998787582 0.031328961 0.000710150 -0.209500581 -0.038611572 0.977045894 0.008333979
0.975868106 0.029599644 0.216345519 0.000750916 -0.037421223 0.998782396 0.032145690 0.000615286 -0.215130538 -0.039465878 0.975787520 0.008418376
0.974319994 0.032318249 0.222836643 0.000555667 -0.040504798 0.998658180 0.032264665 0.000593670 -0.221494913 -0.040462047 0.974321723 0.008342749
0.973474383 0.031582016 0.226606295 0.000838356 -0.039463885 0.998760402 0.030335460 0.000729809 -0.225367308 -0.038473569 0.973513901 0.008871394
0.972014248 0.031869743 0.232750550 0.000701696 -0.039845940 0.998765767 0.029647185 0.000670026 -0.231518462 -0.038091648 0.972084463 0.008715430
0.971031547 0.026561625 0.237470567 0.000763683 -0.034372099 0.998993695 0.028809823 0.000725145 -0.236466363 -0.036137603 0.970967412 0.008679732
0.969801903 0.029433774 0.242111802 0.000804262 -0.037259772 0.998918533 0.027808011 0.000686803 -0.241031468 -0.035989296 0.969849765 0.009075497
0.968271196 0.029726151 0.248127759 0.000711148 -0.037605699 0.998925686 0.027075950 0.000715726 -0.247056320 -0.035547875 0.968348980 0.009179009
0.967499912 0.029290607 0.251169711 0.000913439 -0.037076522 0.998965621 0.026321696 0.000735221 -0.250138938 -0.034778725 0.967585266 0.009419312
0.966324031 0.022193134 0.256369472 0.000775804 -0.029820325 0.999219656 0.025901224 0.000778009 -0.255594581 -0.032674000 0.966231823 0.009075064
0.965506315 0.016276129 0.259870440 0.000824714 -0.023875805 0.999373913 0.026114173 0.000683386 -0.259282708 -0.031418022 0.965290308 0.009150453
0.964450240 0.017045414 0.263714373 0.000815217 -0.024610465 0.999374270 0.025409400 0.000724033 -0.263116181 -0.030996241 0.964266181 0.009259994
0.963256896 0.018734181 0.267927527 0.000807835 -0.026513364 0.999324799 0.025445886 0.000769333 -0.267269760 -0.031614594 0.963102937 0.009384700
0.962208152 0.018025972 0.271717906 0.000904578 -0.025707673 0.999363601 0.024737580 0.000787332 -0.271099031 -0.030787949 0.962058902 0.009601579
0.961462617 0.015039815 0.274524152 0.000850348 -0.022562847 0.999451041 0.024266629 0.000738452 -0.274008483 -0.029525507 0.961273968 0.009444938
0.960273564 0.015506668 0.278629214 0.000992695 -0.023043644 0.999451280 0.023795225 0.000730052 -0.278107285 -0.029270563 0.960103989 0.009773424
0.959006071 0.014747401 0.283001453 0.001053051 -0.022226993 0.999482989 0.023236794 0.000790353 -0.282512367 -0.028574506 0.958838046 0.009947631
0.957861900 0.014805059 0.286847472 0.001078190 -0.022404293 0.999479175 0.023227936 0.000784613 -0.286354154 -0.028675772 0.957694590 0.010114504
0.957033932 0.012706155 0.289697438 0.001100075 -0.020380335 0.999516428 0.023488881 0.000758275 -0.289258868 -0.028383795 0.956829965 0.010163350
0.956236303 0.009227097 0.292449743 0.001191789 -0.016628405 0.999601007 0.022832219 0.000761690 -0.292122334 -0.026695980 0.956008255 0.010287494
0.954967797 0.005931055 0.296650648 0.001234224 -0.013475356 0.999635518 0.023393285 0.000720943 -0.296403855 -0.026337311 0.954699457 0.010404382
0.953139126 0.004823667 0.302494138 0.001076795 -0.012749111 0.999625146 0.024231264 0.000659728 -0.302263945 -0.026952300 0.952843189 0.010584978
0.951821387 0.002676034 0.306641698 0.001147417 -0.010896999 0.999625564 0.025100833 0.000631599 -0.306459785 -0.027232988 0.951493919 0.010736524
0.950874805 -0.000216337 0.309575319 0.001226505 -0.007613029 0.999680877 0.024082378 0.000744676 -0.309481800 -0.025256144 0.950569928 0.010629837
0.949108005 0.000458920 0.314950198 0.001190705 -0.008627669 0.999661565 0.024543004 0.000758263 -0.314832240 -0.026011257 0.948790789 0.010904632
0.947324276 -0.003850373 0.320252657 0.001256235 -0.004302110 0.999684453 0.024745019 0.000714772 -0.320246935 -0.024819326 0.947009027 0.010911215
0.945479035 -0.006217578 0.325623691 0.001197105 -0.002111674 0.999679625 0.025219724 0.000684229 -0.325676143 -0.024532333 0.945163190 0.010942824
0.944033206 -0.007893326 0.329755932 0.001377020 -0.000613874 0.999669790 0.025686385 0.000718931 -0.329849720 -0.024451233 0.943716645 0.011206657
0.941831946 -0.006452235 0.336022228 0.001302606 -0.002470585 0.999655664 0.026119994 0.000728351 -0.336075038 -0.025430825 0.941491902 0.011264541
0.940533459 -0.007683573 0.339614123 0.001439994 -0.001333069 0.999652922 0.026308419 0.000745568 -0.339698374 -0.025196683 0.940197051 0.011442369
0.938550174 -0.003860252 0.345121205 0.001074483 -0.005620107 0.999633908 0.026464876 0.000785565 -0.345097005 -0.026778232 0.938184977 0.011224110
0.936792850 -0.001737739 0.349879593 0.001070858 -0.007941133 0.999624372 0.026226981 0.000863250 -0.349793702 -0.027347697 0.936427474 0.011281533
0.934678853 -0.002284871 0.355485857 0.001137999 -0.007833160 0.999604225 0.027020631 0.000826838 -0.355406940 -0.028040195 0.934290946 0.011464776
0.932436526 0.000111265 0.361333340 0.001076680 -0.010707668 0.999569178 0.027323810 0.000860562 -0.361174673 -0.029346757 0.932036221 0.011616519
0.931281149 -0.002162110 0.364295155 0.001275432 -0.008700968 0.999564946 0.028175542 0.000720938 -0.364197701 -0.029409066 0.930857182 0.011766136
0.929193676 0.002127555 0.369586647 0.001308915 -0.012673704 0.999578655 0.026109353 0.000903606 -0.369375348 -0.028944682 0.928829312 0.011945888
0.927685440 -0.002231712 0.373356104 0.001389584 -0.008538083 0.999593973 0.027189732 0.000759397 -0.373265207 -0.028411267 0.927289486 0.012101503
0.926090419 -0.004228829 0.377278060 0.001576402 -0.006375173 0.999619067 0.026853392 0.000745274 -0.377247989 -0.027273882 0.925710559 0.012400720
0.924311697 -0.004693312 0.381609619 0.001563466 -0.005668934 0.999645114 0.026025293 0.000764899 -0.381596446 -0.026218798 0.923956990 0.012342109
0.921689391 -0.005454115 0.387890548 0.001575393 -0.005461826 0.999619544 0.027033759 0.000750090 -0.387890548 -0.027035313 0.921308696 0.012460876
0.919895172 -0.008091995 0.392080843 0.002053726 -0.002632518 0.999637067 0.026807459 0.000784819 -0.392155498 -0.025692213 0.919539928 0.013191128
0.917114198 -0.008522958 0.398533314 0.002077609 -0.002289840 0.999642134 0.026647570 0.000769819 -0.398617864 -0.025351439 0.916766584 0.013199488
0.914615750 -0.009935379 0.404201865 0.002142247 -0.000437302 0.999673009 0.025561700 0.000829199 -0.404323697 -0.023555886 0.914312541 0.013350761
0.910090089 -0.011373623 0.414254427 0.001577360 0.001926402 0.999728620 0.023215996 0.000967844 -0.414406091 -0.020330628 0.909864962 0.013091188
0.907165468 -0.014659119 0.420518756 0.001736064 0.005594310 0.999724746 0.022781655 0.000934693 -0.420737058 -0.018314216 0.906997740 0.013399372
0.904295206 -0.016150665 0.426601976 0.001874596 0.007379272 0.999726117 0.022206170 0.000975691 -0.426843852 -0.016932916 0.904166996 0.013639327
0.900879025 -0.018850876 0.433660924 0.002008055 0.010086493 0.999695897 0.022502443 0.000931512 -0.433953285 -0.015897857 0.900795102 0.013887576
0.897226036 -0.019397635 0.441145331 0.001927401 0.010793398 0.999699593 0.022005644 0.000956089 -0.441439807 -0.014982573 0.897165835 0.013876127
0.893422008 -0.020146854 0.448766381 0.002149031 0.011311017 0.999686003 0.022361327 0.001001716 -0.449076205 -0.014902088 0.893369257 0.014263934
0.889205515 -0.022885149 0.456935287 0.002081132 0.013965741 0.999640405 0.022888366 0.000994606 -0.457294822 -0.013971015 0.889205515 0.014310097
0.886677027 -0.026238889 0.461644083 0.002274851 0.017910454 0.999588430 0.022413990 0.000999898 -0.462042183 -0.011605713 0.886781931 0.014310268
0.883820236 -0.028129579 0.466980517 0.002371586 0.019829936 0.999546289 0.022679133 0.001005153 -0.467406631 -0.010784079 0.883976638 0.014408896
0.880218446 -0.028288145 0.473725021 0.002522710 0.019630341 0.999537945 0.023211934 0.001019638 -0.474162757 -0.011132184 0.880366743 0.014708769
0.876861215 -0.028632805 0.479890287 0.002685701 0.019720726 0.999526978 0.023603147 0.000960798 -0.480339170 -0.011232899 0.877010882 0.015034079
0.872399807 -0.027623124 0.488011986 0.002579392 0.018177317 0.999544680 0.024082720 0.000981763 -0.488455057 -0.012139008 0.872504532 0.015042751
0.863634884 -0.028455345 0.503314376 0.002950577 0.018257456 0.999516189 0.025180690 0.001045477 -0.503787577 -0.012557674 0.863736272 0.015664343
0.859408617 -0.029178858 0.510456204 0.003025889 0.017565841 0.999465942 0.027557772 0.001020093 -0.510987639 -0.014716789 0.859462023 0.015754819
0.856229603 -0.029152904 0.515772164 0.003176326 0.014633674 0.999374509 0.032194220 0.000845376 -0.516388118 -0.020018004 0.856120646 0.016146725
0.851850033 -0.029413318 0.522959352 0.003290605 0.016462160 0.999432206 0.029396784 0.001076101 -0.523527265 -0.016432602 0.851850390 0.016181940
0.848405242 -0.030672213 0.528457761 0.003289701 0.014741967 0.999301732 0.034333166 0.000887852 -0.529141903 -0.021337934 0.848265052 0.016449859
0.844644964 -0.031090504 0.534423292 0.003393034 0.014353568 0.999268591 0.035447732 0.000852516 -0.535134315 -0.022269865 0.844473243 0.016688759
0.841157734 -0.030978901 0.539901733 0.003592726 0.013297590 0.999240816 0.036617797 0.000863728 -0.540626347 -0.023621956 0.840931237 0.016904105
0.838707626 -0.031124342 0.543691635 0.003650950 0.012798903 0.999216318 0.037457660 0.000887982 -0.544431329 -0.024457356 0.838448703 0.016926358
0.835873187 -0.029696975 0.548118532 0.003954676 0.010818543 0.999232829 0.037640139 0.000926606 -0.548815787 -0.025532542 0.835553229 0.017190170
0.834067643 -0.033142377 0.550665617 0.003984582 0.014730967 0.999175847 0.037824124 0.000919669 -0.551465333 -0.023436036 0.833868504 0.017130008
0.831230402 -0.026252527 0.555307865 0.003807388 0.006927306 0.999295950 0.036872990 0.000995527 -0.555884957 -0.026803164 0.830826998 0.016785618
0.828880072 -0.025113573 0.558862209 0.003812806 0.004587541 0.999263287 0.038099833 0.000967946 -0.559407353 -0.029016385 0.828384817 0.016822483
0.826571107 -0.025173452 0.562269092 0.003775917 0.004848454 0.999280691 0.037611447 0.001037610 -0.562811494 -0.028362395 0.826098561 0.016785447
0.824510455 -0.025777271 0.565258920 0.003861511 0.004567723 0.999232411 0.038904928 0.000993617 -0.565827787 -0.029495580 0.823995650 0.016940702
0.822554052 -0.029263195 0.567933261 0.003882166 0.007751044 0.999159217 0.040256396 0.000919354 -0.568633795 -0.028710995 0.822089493 0.016934263
0.820166588 -0.030327033 0.571320176 0.004065754 0.008915167 0.999150217 0.040238980 0.001002467 -0.572055042 -0.027909251 0.819740295 0.017259454
0.819106698 -0.032270692 0.572732389 0.004206471 0.010986909 0.999115646 0.040582150 0.001036222 -0.573535502 -0.026948556 0.818737209 0.017256172
0.816575587 -0.037772011 0.576001346 0.004270057 0.016201667 0.998963416 0.042539790 0.000944767 -0.577011049 -0.025404774 0.816341043 0.017398503
0.814600110 -0.041561127 0.578532159 0.004478148 0.019166268 0.998813808 0.044766702 0.001028673 -0.579706192 -0.025378659 0.814430118 0.017598033
0.812982082 -0.044071298 0.580618382 0.004552226 0.021461859 0.998722076 0.045756157 0.001061649 -0.581892908 -0.024737787 0.812888920 0.017742604
0.810879767 -0.048769850 0.583177269 0.004532434 0.026063498 0.998542309 0.047265902 0.001048601 -0.584632456 -0.023127317 0.810968399 0.017826460
0.808833361 -0.051832810 0.585748911 0.004494157 0.028069867 0.998375356 0.049585667 0.000995070 -0.587367535 -0.023664640 0.808974087 0.017856209
0.807110786 -0.055719018 0.587764800 0.004621211 0.032349557 0.998214722 0.050206937 0.000996018 -0.589513063 -0.021508619 0.807472348 0.017930798
0.803977549 -0.062179342 0.591399968 0.004589763 0.038736179 0.997882128 0.052256763 0.000940042 -0.593396783 -0.019104680 0.804683149 0.018043440
0.801109254 -0.064423300 0.595040798 0.004843046 0.040588815 0.997749090 0.053378195 0.001019866 -0.597140193 -0.018609764 0.801920950 0.018250238
0.797738671 -0.068178959 0.599136591 0.004887955 0.043875337 0.997516751 0.055093613 0.000973737 -0.601404905 -0.017662996 0.798749030 0.018319711
0.794163108 -0.072159640 0.603405178 0.004949177 0.047953974 0.997270226 0.056146991 0.000993590 -0.605809510 -0.015654206 0.795455754 0.018389158
0.790283918 -0.077165939 0.607862294 0.005278119 0.052884184 0.996926367 0.057801280 0.000956762 -0.610454321 -0.013533121 0.791935861 0.018780576
0.787259042 -0.081179798 0.611255229 0.005434067 0.057469193 0.996640861 0.058345437 0.000959624 -0.613938570 -0.010804620 0.789279819 0.018886365
0.782882273 -0.085239977 0.616302848 0.005325051 0.061524346 0.996321797 0.059646171 0.000974769 -0.619120419 -0.008778298 0.785246789 0.018876601
0.779636085 -0.087168440 0.620136678 0.005389777 0.062641203 0.996153593 0.061270099 0.000932516 -0.623092413 -0.008922259 0.782097340 0.018901706
0.776251912 -0.093198754 0.623495877 0.005841863 0.068830594 0.995628834 0.063130327 0.001009395 -0.626654148 -0.006089424 0.779273629 0.019337116
0.772042096 -0.098404512 0.627907336 0.005956699 0.073802434 0.995138407 0.065212689 0.001012611 -0.631272078 -0.004005807 0.775550961 0.019486051
0.767664433 -0.102724284 0.632565379 0.006029567 0.077432863 0.994705558 0.067562945 0.001080463 -0.636156738 -0.002884329 0.771554291 0.019590719
0.763492823 -0.107025422 0.636886477 0.005940832 0.080896929 0.994254053 0.070100844 0.001084090 -0.640729725 -0.001999310 0.767763734 0.019525453
0.759774804 -0.112318836 0.640411496 0.006160917 0.085142717 0.993671358 0.073263489 0.001025130 -0.644587696 -0.001137389 0.764529467 0.019711040
0.756627500 -0.113617621 0.643899083 0.006220240 0.085314915 0.993522584 0.075058520 0.001093548 -0.648256421 -0.001857123 0.761419654 0.019795559
0.753070593 -0.117457204 0.647370636 0.006408720 0.087839350 0.993076205 0.077999726 0.001018066 -0.652049839 -0.001874682 0.758173645 0.020084389
0.750681520 -0.120786592 0.649528980 0.006456031 0.091351166 0.992678463 0.079021282 0.001029453 -0.654318094 0.000015396 0.756219268 0.020114446
0.747591972 -0.123792112 0.652519524 0.006508086 0.094592862 0.992306113 0.079879306 0.001040926 -0.657387495 0.002006539 0.753549874 0.020268673
0.745125175 -0.127527669 0.654618442 0.006807689 0.097643003 0.991831243 0.082077831 0.001042499 -0.659738004 0.002760640 0.751490533 0.020466033
0.741811335 -0.130974635 0.657694161 0.006676022 0.100697450 0.991377592 0.083848685 0.001034966 -0.663005114 0.004028202 0.748603821 0.020351196
0.738334239 -0.136943534 0.660385311 0.006996596 0.106652908 0.990555465 0.086168841 0.001090170 -0.665948689 0.006810617 0.745966434 0.020549763
0.734400153 -0.141366005 0.663831174 0.007011535 0.110979326 0.989916205 0.088030279 0.001110370 -0.669581771 0.009022070 0.742683291 0.020584891
0.729977965 -0.146267012 0.667636037 0.007283432 0.114871234 0.989192843 0.091116667 0.001038102 -0.673748195 0.010179016 0.738890767 0.020914935
0.726604760 -0.148376927 0.670842648 0.007385565 0.116997413 0.988862336 0.091993950 0.001153962 -0.677020729 0.011643614 0.735871434 0.021018552
0.721460700 -0.151814908 0.675608337 0.007478381 0.119473659 0.988329291 0.094503872 0.001158380 -0.682070613 0.012536585 0.731178463 0.021186603
0.715989411 -0.155115530 0.680659890 0.007526885 0.122965857 0.987780273 0.095756762 0.001196348 -0.687195659 0.015137103 0.726314068 0.021322791
0.710980296 -0.156350791 0.685609996 0.007890472 0.122576788 0.987598419 0.098105416 0.001250404 -0.692445993 0.014288871 0.721327662 0.021643214
0.704986155 -0.158654720 0.691247344 0.008092616 0.123748042 0.987223625 0.100379422 0.001203589 -0.698341250 0.014774415 0.715611994 0.021845220
0.699667573 -0.158475876 0.696670711 0.008338934 0.123530217 0.987237573 0.100511141 0.001339884 -0.703707635 0.015735494 0.710314751 0.022041801
0.693809807 -0.158675924 0.702459633 0.008635132 0.121726736 0.987228632 0.102773421 0.001264287 -0.709795713 0.014202920 0.704263985 0.022326639
0.686578333 -0.162105009 0.708753943 0.008202184 0.125710905 0.986613393 0.103878856 0.001272890 -0.716105282 0.017777141 0.697765589 0.022036312
0.681365967 -0.160860315 0.714048028 0.008452823 0.123336211 0.986834407 0.104622401 0.001349172 -0.721476674 0.016781829 0.692235231 0.022248806
0.676214755 -0.157870114 0.719590604 0.008838687 0.119239457 0.987344325 0.104560472 0.001453577 -0.726990879 0.015098256 0.686481118 0.022573955
0.670636177 -0.154445454 0.725530088 0.008786384 0.113523744 0.987932086 0.105369151 0.001405046 -0.733048141 0.011700550 0.680076122 0.022599189
0.664003611 -0.152920231 0.731925130 0.009029906 0.112556808 0.988151670 0.104341619 0.001506162 -0.739209294 0.013099946 0.673348486 0.022831544
0.659481704 -0.147657737 0.737076104 0.009295665 0.105997361 0.988987803 0.103284352 0.001656933 -0.744209945 0.010014018 0.667870522 0.022972094
0.654343247 -0.144825414 0.742200017 0.009434357 0.101516321 0.989427984 0.103567645 0.001590176 -0.749352872 0.007576676 0.662127435 0.023059819
0.649427831 -0.142665163 0.746920526 0.009645024 0.099352397 0.989742279 0.102660969 0.001662083 -0.753904939 0.007537466 0.656940222 0.023267109
0.645989120 -0.139307871 0.750527442 0.010036997 0.092587523 0.990246594 0.104111612 0.001678729 -0.757710934 0.002234509 0.652586639 0.023786306
0.643195510 -0.138629630 0.753048003 0.010150553 0.091546983 0.990342438 0.104121067 0.001724671 -0.760209501 0.001969062 0.649674952 0.023829209
0.640424609 -0.139497876 0.755246162 0.010286008 0.091770612 0.990220308 0.105080307 0.001728884 -0.762518585 0.002013377 0.646963239 0.023885500
0.638272524 -0.139972121 0.756978035 0.010592612 0.090126805 0.990155458 0.107095182 0.001875926 -0.764516354 -0.000131878 0.644604206 0.024062788
0.634398341 -0.141324028 0.759977818 0.010541734 0.090053707 0.989963114 0.108918563 0.001847654 -0.767742872 -0.000658929 0.640757740 0.024154257
0.629995823 -0.147504032 0.762461722 0.010678921 0.096069708 0.989057839 0.111961685 0.001839786 -0.770633459 0.002714081 0.637272894 0.024297209
0.627492845 -0.149853095 0.764065981 0.011047604 0.097260229 0.988704264 0.114035100 0.001939762 -0.772523999 0.002757028 0.634979725 0.024511088
0.624528646 -0.152727067 0.765923262 0.011061991 0.099332355 0.988261938 0.116067022 0.001922067 -0.774659395 0.003593783 0.632368565 0.024557097
0.621542454 -0.154812947 0.767931044 0.010999038 0.099671364 0.987939537 0.118494846 0.001918572 -0.777013958 0.002891163 0.629476845 0.024569295
0.617818594 -0.158257216 0.770230472 0.011146160 0.102756977 0.987386644 0.120452151 0.001941389 -0.779577613 0.004728980 0.626287878 0.024693778
0.614383817 -0.162712559 0.772047460 0.011412496 0.106352262 0.986653030 0.123308212 0.001963039 -0.781806707 0.006350421 0.623488605 0.024855487
0.611444950 -0.165420189 0.773803234 0.011750203 0.108975120 0.986190140 0.124713227 0.002103580 -0.783747137 0.008070040 0.621027708 0.024991680
0.608556271 -0.167894393 0.775545597 0.012125951 0.111836992 0.985751569 0.125644475 0.002202531 -0.785589993 0.010272955 0.618662119 0.025249556
0.604800582 -0.168723047 0.778298736 0.012213344 0.112448633 0.985600591 0.126281291 0.002316764 -0.788398027 0.011143636 0.615064442 0.025393050
0.600599766 -0.170821637 0.781089067 0.012245474 0.114605017 0.985215843 0.127340719 0.002254059 -0.791293621 0.013035918 0.611297429 0.025387295
0.596529245 -0.172266737 0.783886015 0.011953881 0.114148021 0.984975159 0.129592612 0.002088641 -0.794432640 0.012173263 0.607230365 0.025255535
0.592332304 -0.173884600 0.786706269 0.012441931 0.115734242 0.984670222 0.130500883 0.002315492 -0.797338068 0.013748976 0.603376389 0.025703497
0.589402795 -0.173296303 0.789032996 0.012362052 0.113965385 0.984788954 0.131159022 0.002290448 -0.799760222 0.012616958 0.600187123 0.025635857
0.586660862 -0.174551859 0.790797472 0.012673083 0.114703044 0.984560430 0.132227391 0.002390852 -0.801668465 0.013134253 0.597624660 0.025748160
0.581772923 -0.176794305 0.793904543 0.012581730 0.115430392 0.984157205 0.134574354 0.002285166 -0.805118501 0.013348999 0.592963398 0.025796171
0.577911675 -0.177490562 0.796564877 0.012675695 0.115909837 0.984019935 0.135166183 0.002419822 -0.807825804 0.014215598 0.589249432 0.025896464
0.572630405 -0.180020720 0.799804509 0.012984286 0.117888741 0.983534992 0.136971027 0.002471518 -0.811293125 0.015854165 0.584424376 0.026177511
0.567921579 -0.181698516 0.802777171 0.013346730 0.117902368 0.983229935 0.139132261 0.002537624 -0.814594507 0.015633104 0.579820335 0.026424449
0.562314689 -0.183179542 0.806379437 0.013668992 0.117844231 0.982954323 0.141114339 0.002692454 -0.818483233 0.015676510 0.574316680 0.026629746
0.557692647 -0.182972133 0.809629858 0.013713346 0.114209153 0.983039379 0.143491820 0.002664462 -0.822152913 0.012442794 0.569131017 0.026662048
0.552147090 -0.183720112 0.813253343 0.013909523 0.114220381 0.982891083 0.144494370 0.002707741 -0.825885892 0.013107961 0.563685060 0.026955146
0.546076059 -0.184631720 0.817136824 0.014142570 0.113715418 0.982719481 0.146051452 0.002786247 -0.829981863 0.013165862 0.557635188 0.027174054
0.542030871 -0.183861747 0.819998622 0.014457118 0.110117748 0.982898057 0.147598073 0.002848007 -0.833112538 0.010293696 0.553007901 0.027219938
0.536862671 -0.185196444 0.823092520 0.014478656 0.112532787 0.982610881 0.147688702 0.002862445 -0.836131275 0.013336333 0.548367858 0.027154539
0.532589793 -0.182699606 0.826419353 0.014900311 0.106976986 0.983124256 0.148401096 0.003115276 -0.839585602 0.009370920 0.543146551 0.027570061
0.527271271 -0.183736712 0.829593658 0.015054891 0.106342725 0.982933581 0.150109082 0.002969110 -0.843016088 0.009073040 0.537812054 0.027722929
0.522217929 -0.183708310 0.832790613 0.015291501 0.104839250 0.982944727 0.151089907 0.003023737 -0.846343637 0.008407293 0.532571256 0.027730078
0.516654313 -0.183243081 0.836355388 0.015628029 0.103039391 0.983036876 0.151728496 0.003252890 -0.849971175 0.007786350 0.526771605 0.028073015
0.512519479 -0.180488139 0.839492619 0.015421459 0.100297414 0.983550727 0.150227472 0.003290521 -0.852797627 0.007204409 0.522191584 0.028060263
0.508556426 -0.181292355 0.841726482 0.015730526 0.099565357 0.983406603 0.151651919 0.003195555 -0.855252504 0.006683203 0.518168271 0.028216008
0.504479110 -0.180875376 0.844265938 0.015773309 0.097227447 0.983492792 0.152606398 0.003278020 -0.857932031 0.005099065 0.513737798 0.028159235
0.501571298 -0.179096624 0.846374989 0.016097113 0.092834674 0.983829916 0.153167874 0.003403135 -0.860120773 0.001748327 0.510087311 0.028343856
0.499439985 -0.179405585 0.847569048 0.016237831 0.093010157 0.983772755 0.153428599 0.003428228 -0.861341178 0.002204137 0.508021832 0.028350230
0.496613711 -0.179850608 0.849133909 0.016148446 0.091443188 0.983693659 0.154870674 0.003401343 -0.863141119 0.000736598 0.504961967 0.028239269
0.493576825 -0.178351521 0.851218402 0.016050767 0.087303117 0.983963668 0.155542567 0.003539842 -0.865309060 -0.002458195 0.501232445 0.028281230
0.490568459 -0.179825798 0.852646112 0.015888114 0.089525066 0.983698428 0.155957133 0.003493122 -0.866791427 -0.000174466 0.498670429 0.028324809
0.489901811 -0.177228332 0.853572488 0.016050912 0.085550204 0.984165013 0.155242473 0.003592692 -0.867569387 -0.003030295 0.497306436 0.028450470
0.488805443 -0.178710207 0.853892088 0.016180079 0.087452151 0.983900487 0.155858099 0.003626003 -0.867998242 -0.001509627 0.496564656 0.028457439
0.489437133 -0.179219455 0.853423297 0.016051207 0.087059394 0.983806252 0.156671464 0.003567458 -0.867681682 -0.002382338 0.497114211 0.028296143
0.487114131 -0.180852368 0.854407609 0.016263848 0.088791147 0.983509898 0.157557920 0.003543857 -0.868812978 -0.000884870 0.495139688 0.028525088
0.486897618 -0.180914000 0.854517996 0.016277537 0.088758446 0.983498454 0.157647252 0.003556323 -0.868937731 -0.000912393 0.494920760 0.028561842
0.486635238 -0.182543620 0.854320884 0.016378524 0.090372421 0.983197808 0.158603281 0.003490394 -0.868918240 0.000025101 0.494955599 0.028581772
0.486262888 -0.182081670 0.854631424 0.016341157 0.088376433 0.983281612 0.159207121 0.003458530 -0.869331896 -0.001887245 0.494225144 0.028654393
0.486282855 -0.182050392 0.854626656 0.016289420 0.089209855 0.983288765 0.158697233 0.003508033 -0.869235575 -0.000930632 0.494397283 0.028572910
0.485948473 -0.182978079 0.854618669 0.016417187 0.091322258 0.983116448 0.158562958 0.003482585 -0.869203210 0.000992287 0.494453967 0.028639462
0.485950083 -0.182105660 0.854804158 0.016324222 0.089780085 0.983278990 0.158436313 0.003521026 -0.869362950 -0.000247764 0.494174004 0.028629549
0.486617893 -0.181816846 0.854485631 0.016435159 0.089422993 0.983332217 0.158307597 0.003524299 -0.869026184 -0.000624636 0.494765669 0.028633665
0.485924453 -0.182325363 0.854771793 0.016411711 0.089589588 0.983238041 0.158797324 0.003479698 -0.869396925 -0.000584835 0.494113863 0.028648719
0.486771494 -0.181270719 0.854514182 0.016419444 0.088932239 0.983432770 0.157958686 0.003553454 -0.868990541 -0.000895902 0.494827807 0.028620519
0.486302495 -0.181713909 0.854686975 0.016419888 0.090031177 0.983351409 0.157842815 0.003548730 -0.869139969 0.000189122 0.494566202 0.028649269
0.486347526 -0.182078108 0.854584098 0.016329208 0.090675510 0.983283758 0.157895193 0.003514935 -0.869047821 0.000697916 0.494727671 0.028552659
0.486630052 -0.181385383 0.854570389 0.016441450 0.089251041 0.983411849 0.157908931 0.003552167 -0.869037092 -0.000571941 0.494746596 0.028626055
0.486775309 -0.180992052 0.854571044 0.016276605 0.089555867 0.983484626 0.157282770 0.003555868 -0.868924379 -0.000029507 0.494944930 0.028594360
0.486772716 -0.180622458 0.854650795 0.016272094 0.088596776 0.983552098 0.157403618 0.003529323 -0.869024098 -0.000900482 0.494768888 0.028580645
0.488103092 -0.179396674 0.854149997 0.016193133 0.087403759 0.983775139 0.156675011 0.003512912 -0.868398547 -0.001817632 0.495863676 0.028535835
0.488966882 -0.179097131 0.853718758 0.016110312 0.088741675 0.983831286 0.155566052 0.003563050 -0.867776692 -0.000306219 0.496954232 0.028456267
0.490127414 -0.178371459 0.853205025 0.015942829 0.087108120 0.983961165 0.155667767 0.003493624 -0.867287338 -0.001975950 0.497803956 0.028383207
0.491023004 -0.179269627 0.852501512 0.016085614 0.086923428 0.983795702 0.156812966 0.003495439 -0.866799116 -0.002896423 0.498649061 0.028480124
0.491981179 -0.182292029 0.851307392 0.015752159 0.089769006 0.983243048 0.158665076 0.003323474 -0.865965426 -0.001639210 0.500101209 0.028382931
0.493153185 -0.182203382 0.850647926 0.015939770 0.090954281 0.983260810 0.157878488 0.003390518 -0.865174711 -0.000488202 0.501470268 0.028405033
0.494649738 -0.181675315 0.849891603 0.015753612 0.089662701 0.983356535 0.158020169 0.003356972 -0.864454806 -0.001961056 0.502706587 0.028341766
0.498237848 -0.178615198 0.848443270 0.015721088 0.087095030 0.983911633 0.155988738 0.003462499 -0.862654924 -0.003824315 0.505778432 0.028131153
0.497593910 -0.180795491 0.848359227 0.015735529 0.088432707 0.983514547 0.157729700 0.003377180 -0.862890422 -0.003462619 0.505379140 0.028223205
0.499631047 -0.181706697 0.846966088 0.015570593 0.089868553 0.983348727 0.157951921 0.003356720 -0.861563802 -0.002802074 0.507641315 0.028081451
0.501456499 -0.181324169 0.845968664 0.015369222 0.088613190 0.983413577 0.158257648 0.003266913 -0.860632896 -0.004395345 0.509206712 0.028060324
0.502894521 -0.182055697 0.844957411 0.015285390 0.089826524 0.983281136 0.158396959 0.003204708 -0.859667420 -0.003757385 0.510840058 0.028021295
0.504208028 -0.183889642 0.843776643 0.015261434 0.090938024 0.982939243 0.159877256 0.003146090 -0.858780861 -0.003880028 0.512328506 0.028031828
0.506102026 -0.183260038 0.842779040 0.015140590 0.090354040 0.983053863 0.159503371 0.003213184 -0.857727766 -0.004576508 0.514083982 0.027892450
0.507724941 -0.183470309 0.841756523 0.015184435 0.089357093 0.983005822 0.160359353 0.003177657 -0.856872559 -0.006201545 0.515491009 0.027931485
0.510846138 -0.183197290 0.839925587 0.014489128 0.090125352 0.983058870 0.159601673 0.003083638 -0.854934871 -0.005833314 0.518702567 0.026995860
0.513768137 -0.183456093 0.838084817 0.014825405 0.090181202 0.983005941 0.159895793 0.003033658 -0.853176177 -0.006569849 0.521581531 0.027451381
0.515921235 -0.183573902 0.836735249 0.014909066 0.090897292 0.982985854 0.159614012 0.003020156 -0.851799786 -0.006291293 0.523829639 0.027616270
0.518783331 -0.183233187 0.835038602 0.014634564 0.089242481 0.983031809 0.160263881 0.002942023 -0.850235045 -0.008621322 0.526332617 0.027513312
0.520775735 -0.184696391 0.833474517 0.014687094 0.092584535 0.982776582 0.159932300 0.002994807 -0.848658204 -0.006121995 0.528906226 0.027540224
