1.000000000 0.000000000 0.000000000 0.000000000 0.000000000 1.000000000 0.000000000 0.000000000 0.000000000 0.000000000 1.000000000 0.000000000
0.999999940 -0.000298735 -0.000230753 0.000000204 0.000298771 0.999999940 0.000155359 0.000004249 0.000230706 -0.000155428 0.999999940 -0.000030807
0.999999225 -0.000926520 -0.000798122 0.000101103 0.000925811 0.999999166 -0.000887938 0.000045075 0.000798944 0.000887199 0.999999285 -0.000560138
0.999999523 -0.000394508 -0.000907418 0.000107998 0.000393395 0.999999046 -0.001226584 0.000059358 0.000907901 0.001226226 0.999998748 -0.000502229
0.999996126 -0.002198145 -0.001664213 0.000088509 0.002195929 0.999996603 -0.001332269 0.000055043 0.001667136 0.001328609 0.999997735 -0.000594422
0.999997258 -0.000865860 -0.002165485 0.000063652 0.000863581 0.999998987 -0.001053122 0.000078819 0.002166395 0.001051249 0.999997020 -0.000641134
0.999992788 -0.001932808 -0.003267408 0.000077408 0.001927557 0.999996781 -0.001609633 0.000140124 0.003270509 0.001603323 0.999993384 -0.000672662
0.999990761 -0.000314624 -0.004310189 0.000101341 0.000307358 0.999998510 -0.001686275 0.000146752 0.004310713 0.001684934 0.999989271 -0.000703883
0.999986470 0.000434502 -0.005177630 0.000109449 -0.000442688 0.999998629 -0.001579843 0.000111537 0.005176935 0.001582114 0.999985337 -0.000666650
0.999982178 -0.000038563 -0.005976673 0.000067617 0.000028253 0.999998510 -0.001725193 0.000128061 0.005976731 0.001724993 0.999980628 -0.000816644
0.999974370 0.000286679 -0.007152121 0.000031914 -0.000291131 0.999999881 -0.000621388 0.000084865 0.007151943 0.000623454 0.999974251 -0.000969004
0.999956131 0.002085505 -0.009125286 0.000068026 -0.002094725 0.999997318 -0.001000880 0.000149757 0.009123174 0.001019951 0.999957919 -0.001031342
0.999929130 0.002628385 -0.011617073 0.000086537 -0.002634250 0.999996483 -0.000489547 0.000089412 0.011615749 0.000520115 0.999932349 -0.001070970
0.999877989 0.003178093 -0.015304994 0.000053749 -0.003190003 0.999994695 -0.000753788 0.000124427 0.015302518 0.000802519 0.999882400 -0.001213049
0.999813735 0.003121693 -0.019056169 0.000061479 -0.003156655 0.999993503 -0.001804840 0.000160042 0.019050408 0.001864657 0.999816597 -0.001547600
0.999716699 0.004492496 -0.023374099 0.000027152 -0.004531400 0.999988437 -0.001611739 0.000144343 0.023366585 0.001717200 0.999725401 -0.001733353
0.999639273 0.004321996 -0.026510896 0.000003847 -0.004373081 0.999988675 -0.001869308 0.000161359 0.026502516 0.001984568 0.999646723 -0.001736209
0.999481618 0.005999192 -0.031627499 0.000091172 -0.006076061 0.999978840 -0.002334845 0.000161196 0.031612821 0.002525805 0.999497056 -0.001941874
0.999382854 0.004946879 -0.034774836 0.000042792 -0.005029209 0.999984801 -0.002280439 0.000151834 0.034763031 0.002453922 0.999392629 -0.002060850
0.999247491 0.007583950 -0.038036577 0.000073721 -0.007695316 0.999966621 -0.002782268 0.000229375 0.038014200 0.003072877 0.999272525 -0.002149402
0.998932123 0.009384586 -0.045235898 0.000008702 -0.009496292 0.999952316 -0.002255150 0.000311006 0.045212571 0.002682315 0.998973846 -0.002833641
0.998633683 0.011749848 -0.050917648 0.000046962 -0.011913738 0.999924719 -0.002916335 0.000305115 0.050879553 0.003518971 0.998698711 -0.002927039
0.998218179 0.013630829 -0.058090642 0.000165180 -0.013851225 0.999898255 -0.003393000 0.000345105 0.058038481 0.004191582 0.998305619 -0.003173169
0.997849166 0.012973757 -0.064254001 0.000198991 -0.013196845 0.999908209 -0.003048759 0.000360998 0.064208545 0.003890153 0.997928977 -0.003345997
0.997549057 0.016074669 -0.068098411 0.000101179 -0.016361779 0.999859452 -0.003660342 0.000437805 0.068030015 0.004765582 0.997671902 -0.003471285
0.997235060 0.016789546 -0.072388560 0.000163297 -0.017030146 0.999851227 -0.002707784 0.000475775 0.072332323 0.003933086 0.997372866 -0.003802972
0.996888101 0.018225672 -0.076692447 0.000214931 -0.018399455 0.999829412 -0.001559962 0.000489178 0.076650947 0.002966207 0.997053623 -0.003971535
0.996637523 0.019270409 -0.079635710 0.000102659 -0.019372258 0.999812245 -0.000506513 0.000453091 0.079610974 0.002047534 0.996823907 -0.004253155
0.996088982 0.022755405 -0.085372195 0.000153369 -0.022821352 0.999739587 0.000203485 0.000544119 0.085354581 0.001745621 0.996349096 -0.004521681
0.995531559 0.022598615 -0.091683865 0.000294406 -0.022621026 0.999743700 0.000794887 0.000503196 0.091678351 0.001282648 0.995787919 -0.004584812
0.994963348 0.026769709 -0.096596390 0.000312370 -0.026789902 0.999640405 0.001088160 0.000512161 0.096590795 0.001505128 0.995323062 -0.004911226
0.994358540 0.030398061 -0.101619877 0.000312197 -0.030345483 0.999537349 0.002063565 0.000495824 0.101635575 0.001031781 0.994821191 -0.005158222
0.993705988 0.030044023 -0.107914589 0.000390180 -0.029993689 0.999547780 0.002089867 0.000441158 0.107928611 0.001160043 0.994158030 -0.005447307
0.992241621 0.035397794 -0.119177386 0.000462293 -0.035327774 0.999372065 0.002700849 0.000450496 0.119198188 0.001530377 0.992869377 -0.005830542
0.991404295 0.037494563 -0.125345439 0.000521899 -0.037455861 0.999294579 0.002666305 0.000451474 0.125357017 0.002051535 0.992109597 -0.005882720
0.990821481 0.038883984 -0.129462734 0.000535042 -0.038853407 0.999241054 0.002762748 0.000456119 0.129471943 0.002292680 0.991580486 -0.006005652
0.990291834 0.039447963 -0.133287102 0.000567596 -0.039360549 0.999219596 0.003291739 0.000519755 0.133312970 0.001986471 0.991072059 -0.006259406
0.989720345 0.039013922 -0.137590334 0.000584099 -0.038782172 0.999238074 0.004365758 0.000465636 0.137655869 0.001015170 0.990479708 -0.006262091
0.989189267 0.041906957 -0.140527800 0.000583836 -0.041750126 0.999119699 0.004065252 0.000564556 0.140574500 0.001845750 0.990068495 -0.006411046
0.987825811 0.046946622 -0.148309961 0.000668778 -0.046858698 0.998893023 0.004088891 0.000543764 0.148337767 0.002910499 0.988932788 -0.006592443
0.987355828 0.048455238 -0.150930747 0.000637028 -0.048397999 0.998819768 0.004054836 0.000548238 0.150949195 0.003301183 0.988536060 -0.006882211
0.986732543 0.049055967 -0.154764265 0.000652984 -0.048938110 0.998791277 0.004573643 0.000464124 0.154801607 0.003060909 0.987941086 -0.007116751
0.986017883 0.050934937 -0.158663839 0.000692015 -0.050661415 0.998699248 0.005770849 0.000405452 0.158751398 0.002347973 0.987315834 -0.007280461
0.985352278 0.052043963 -0.162394181 0.000729377 -0.051898874 0.998638988 0.005138461 0.000475109 0.162440658 0.003364881 0.986712694 -0.007429427
0.983694375 0.054188501 -0.171489537 0.000837513 -0.053757451 0.998528302 0.007159895 0.000324946 0.171625182 0.002175691 0.985159934 -0.007766419
0.982929587 0.056419484 -0.175117791 0.000906144 -0.056021459 0.998403311 0.007219513 0.000420090 0.175245494 0.002714080 0.984521091 -0.007981227
0.982279599 0.057072710 -0.178519532 0.000877834 -0.056408249 0.998368979 0.008799827 0.000426505 0.178730607 0.001426083 0.983897030 -0.008261580
0.981301129 0.058632687 -0.183330894 0.000997865 -0.057960618 0.998277962 0.009026954 0.000423376 0.183544412 0.001767804 0.983009875 -0.008577536
0.980463982 0.062208325 -0.186602682 0.001006617 -0.061471015 0.998061121 0.009740610 0.000381072 0.186846837 0.001920338 0.982387245 -0.008755399
0.979701340 0.063164040 -0.190250531 0.001074045 -0.062483437 0.997999966 0.009580018 0.000444794 0.190475151 0.002501949 0.981688797 -0.009120477
0.978745580 0.065009452 -0.194500774 0.001114869 -0.064118288 0.997882903 0.010880852 0.000359617 0.194796354 0.001821465 0.980842054 -0.009331270
0.977170348 0.070094690 -0.200560644 0.001342967 -0.069221690 0.997536480 0.011371160 0.000336610 0.200863570 0.002771586 0.979615271 -0.009292961
0.976450741 0.070519030 -0.203889400 0.001345783 -0.069692329 0.997505188 0.011241259 0.000390450 0.204173461 0.003232991 0.978929341 -0.009478441
0.974822938 0.074823327 -0.210051179 0.001432992 -0.074261539 0.997182667 0.010572134 0.000483732 0.210250467 0.005292762 0.977633178 -0.009627670
0.974324584 0.075841747 -0.211989239 0.001428412 -0.075189941 0.997106791 0.011146406 0.000476313 0.212221265 0.005079242 0.977208436 -0.009681182
0.973855495 0.076303020 -0.213970736 0.001432799 -0.075641535 0.997071207 0.011289534 0.000434877 0.214205503 0.005190697 0.976774752 -0.009740485
0.973289192 0.076962054 -0.216298014 0.001469918 -0.076319180 0.997018993 0.011336139 0.000475487 0.216525674 0.005474345 0.976261556 -0.010161544
0.972171724 0.080167867 -0.220125526 0.001497993 -0.079653665 0.996759415 0.011225499 0.000512863 0.220312104 0.006620692 0.975406885 -0.010354811
0.970084608 0.082735330 -0.228234321 0.001600000 -0.082323432 0.996541202 0.011341321 0.000485280 0.228383303 0.007786993 0.973540127 -0.010490178
0.969612896 0.083724841 -0.229871780 0.001619975 -0.083189026 0.996461093 0.012038923 0.000418196 0.230066270 0.007449714 0.973146379 -0.010537439
0.969090044 0.084544003 -0.231768534 0.001668200 -0.084274456 0.996380866 0.011082111 0.000500363 0.231866673 0.008792604 0.972707808 -0.010515600
0.968897939 0.083911203 -0.232799292 0.001697791 -0.083461620 0.996441066 0.011798961 0.000400711 0.232960865 0.007997815 0.972453177 -0.010813802
0.968215346 0.085677423 -0.234985560 0.001713590 -0.085517935 0.996277034 0.010888563 0.000440428 0.235043645 0.009553009 0.971937895 -0.011000820
0.967320025 0.088065200 -0.237774089 0.001742539 -0.088125125 0.996055067 0.010398871 0.000458394 0.237751842 0.010894828 0.971264720 -0.011050891
0.965917289 0.090306833 -0.242586732 0.001800765 -0.090599962 0.995837390 0.009971003 0.000407667 0.242477372 0.012347183 0.970078588 -0.011395307
0.965117097 0.091448002 -0.245329067 0.001855207 -0.092078626 0.995711684 0.008923556 0.000463233 0.245093048 0.013977278 0.969398677 -0.011459301
0.964704633 0.091017902 -0.247104749 0.001880787 -0.091396309 0.995764613 0.009963411 0.000324391 0.246965036 0.012972701 0.968937635 -0.011805442
0.963639736 0.092930220 -0.250524163 0.001948022 -0.093669839 0.995562613 0.008996638 0.000376928 0.250248492 0.014797032 0.968068421 -0.012173380
0.962868273 0.090861470 -0.254221678 0.002080405 -0.091796443 0.995743871 0.008208822 0.000330243 0.253885537 0.015432639 0.967111051 -0.012485838
0.961859047 0.091717429 -0.257711351 0.002103765 -0.093035236 0.995637298 0.007103160 0.000388041 0.257238597 0.017143987 0.966195881 -0.012491569
0.961214781 0.091181621 -0.260292441 0.002151512 -0.092717931 0.995671690 0.006397193 0.000342909 0.259749115 0.017984703 0.965508580 -0.012766361
0.959875882 0.093848556 -0.264255077 0.002275333 -0.095573805 0.995402098 0.006350106 0.000312749 0.263635933 0.019160552 0.964431882 -0.013094606
0.959038854 0.095128834 -0.266824007 0.002258353 -0.096967019 0.995267391 0.006309418 0.000338886 0.266161382 0.019822154 0.963724554 -0.013101489
0.957695484 0.095681034 -0.271412104 0.002416342 -0.097901009 0.995181501 0.005381626 0.000374111 0.270619184 0.021417556 0.962448180 -0.013328540
0.956515014 0.097795829 -0.274800092 0.002451200 -0.100154378 0.994956613 0.005471175 0.000327718 0.273949236 0.022289174 0.961485744 -0.013747806
0.954949915 0.098840997 -0.279823571 0.002554204 -0.101635121 0.994811177 0.004544685 0.000384366 0.278820813 0.024099965 0.960040569 -0.013774409
0.953889012 0.099697486 -0.283119112 0.002632120 -0.102651797 0.994707406 0.004420184 0.000388984 0.282061279 0.024846310 0.959074557 -0.014005492
0.953022122 0.100338899 -0.285799026 0.002722420 -0.103201792 0.994647324 0.005067383 0.000288748 0.284777701 0.024665637 0.958276153 -0.014252742
0.952099562 0.100369483 -0.288846821 0.002748023 -0.103334643 0.994633973 0.005006158 0.000277260 0.287799269 0.025081521 0.957362235 -0.014536745
0.950376451 0.101805426 -0.293973714 0.002896598 -0.105527781 0.994410992 0.003215781 0.000402686 0.292658061 0.027966199 0.955808103 -0.014574297
0.949547112 0.102058239 -0.296554625 0.002883949 -0.105967164 0.994365215 0.002908042 0.000365966 0.295180351 0.028663723 0.955011427 -0.014820850
0.947976887 0.103456251 -0.301059455 0.002917907 -0.108030476 0.994146407 0.001462461 0.000419001 0.299448520 0.031137211 0.953604281 -0.015182821
0.947377563 0.101069301 -0.303744972 0.002997087 -0.105616130 0.994405746 0.001466996 0.000335074 0.302194148 0.030690560 0.952752292 -0.015337360
0.946462035 0.100938149 -0.306628942 0.003042958 -0.105722718 0.994394898 0.001010603 0.000330532 0.305012286 0.031461146 0.951828539 -0.015550435
0.945375383 0.100973822 -0.309951454 0.003116201 -0.106035106 0.994362116 0.000521400 0.000301581 0.308256686 0.032372810 0.950752258 -0.015736546
0.944024801 0.102937669 -0.313401967 0.003168716 -0.108681969 0.994076192 -0.000863486 0.000361690 0.311456591 0.034876294 0.949620128 -0.016148552
0.942535579 0.102700487 -0.317930013 0.003270539 -0.108771801 0.994065702 -0.001353162 0.000391399 0.315904409 0.035857219 0.948113203 -0.016644256
0.940631986 0.102739505 -0.323505759 0.003334497 -0.109149501 0.994023860 -0.001681452 0.000361774 0.321399629 0.036892112 0.946224689 -0.016752910
0.939362884 0.101198591 -0.327652335 0.003410465 -0.107846640 0.994165182 -0.002133413 0.000364408 0.325524718 0.037340261 0.944795847 -0.017062377
0.938330233 0.097391769 -0.331739724 0.003348476 -0.103687584 0.994609058 -0.001285529 0.000245811 0.329826117 0.035603534 0.943370044 -0.017119560
0.936479926 0.095705695 -0.337410241 0.003561003 -0.102448501 0.994735837 -0.002190380 0.000279540 0.335424393 0.036618415 0.941355169 -0.017349757
0.934702456 0.094052993 -0.342761070 0.003586547 -0.101189628 0.994862854 -0.002953671 0.000316499 0.340722322 0.037444673 0.939417958 -0.017639503
0.932559192 0.095911026 -0.348043710 0.003640120 -0.103653714 0.994606793 -0.003647509 0.000320763 0.345816761 0.039477542 0.937471151 -0.017818095
0.930401385 0.095227666 -0.353955984 0.003802222 -0.103347406 0.994636953 -0.004061600 0.000254423 0.351671100 0.040359367 0.935253263 -0.018193860
0.928312004 0.094723389 -0.359533399 0.003921516 -0.103756689 0.994585395 -0.005863478 0.000315036 0.357031256 0.042747140 0.933113873 -0.018408608
0.926407993 0.093393296 -0.364754587 0.004014413 -0.102899909 0.994669557 -0.006667096 0.000341666 0.362187564 0.043709662 0.931079745 -0.018574931
0.924953461 0.088534087 -0.369624913 0.003948220 -0.097611085 0.995207310 -0.005887021 0.000176781 0.367332101 0.041524719 0.929162443 -0.018620968
0.923307359 0.088638708 -0.373693049 0.004165318 -0.097828738 0.995187104 -0.005656799 0.000117387 0.371393144 0.041780889 0.927535176 -0.019240046
0.921597838 0.089436918 -0.377701521 0.004183901 -0.099123508 0.995055556 -0.006241224 0.000063019 0.375275850 0.043191005 0.925906360 -0.019552499
0.920074761 0.087553382 -0.381833345 0.004205116 -0.097786479 0.995179594 -0.007436535 0.000152066 0.379341751 0.044180308 0.924201250 -0.019802395
0.918234169 0.085517660 -0.386694849 0.004306206 -0.096136242 0.995334506 -0.008163750 0.000181325 0.384192616 0.044671617 0.922171652 -0.020019127
0.916538775 0.085229859 -0.390758902 0.004270079 -0.095578372 0.995396793 -0.007072804 0.000079097 0.388357341 0.043830603 0.920465887 -0.020012630
0.915277243 0.083617158 -0.394050390 0.004395566 -0.093080461 0.995646358 -0.004926497 -0.000094479 0.391922891 0.041187499 0.919075608 -0.020366149
0.914332807 0.083861284 -0.396185070 0.004400979 -0.093375623 0.995619655 -0.004751537 -0.000071222 0.394051164 0.041338526 0.918158412 -0.020493347
0.912411153 0.082987353 -0.400772870 0.004552954 -0.092758335 0.995676100 -0.005003401 0.000055016 0.398624718 0.041740183 0.916163802 -0.020500483
0.910830855 0.080856048 -0.404783100 0.004617331 -0.090226233 0.995912910 -0.004089293 -0.000049182 0.402798116 0.040246718 0.914403558 -0.020770144
0.909444511 0.080359384 -0.407986641 0.004673030 -0.090089299 0.995922804 -0.004655711 0.000005646 0.405949146 0.040989339 0.912975967 -0.020813843
0.907967448 0.080349803 -0.411264986 0.004700301 -0.089349657 0.995996714 -0.002670870 -0.000065541 0.409403950 0.039171450 0.911511898 -0.020740589
0.906991363 0.082007110 -0.413087577 0.004709816 -0.090871967 0.995860994 -0.001821483 -0.000031495 0.411228329 0.039190158 0.910689473 -0.020788051
0.906168759 0.082671396 -0.414756864 0.004746036 -0.092067644 0.995749116 -0.002673534 0.000071178 0.412772715 0.040608354 0.909928322 -0.020715753
0.905763984 0.082774371 -0.415619850 0.004706539 -0.092034779 0.995753229 -0.002259189 0.000050244 0.413667858 0.040297773 0.909535587 -0.020741180
0.905059636 0.085302122 -0.416641802 0.004725642 -0.094977207 0.995476305 -0.002505328 0.000113353 0.414543301 0.041838955 0.909067273 -0.020722840
0.904717624 0.087090351 -0.417014658 0.004730621 -0.096583486 0.995323539 -0.001673083 0.000077913 0.414918721 0.041790392 0.908898234 -0.020720599
0.904201448 0.088729650 -0.417787880 0.004737935 -0.097798601 0.995206118 -0.000300035 0.000040768 0.415758401 0.041130364 0.908544540 -0.020663951
0.903860211 0.089807741 -0.418295503 0.004763716 -0.098608308 0.995126247 0.000578305 0.000012380 0.416308701 0.040724698 0.908310831 -0.020574406
0.904003918 0.091363169 -0.417647839 0.004731089 -0.099599563 0.995025396 0.002083791 -0.000034378 0.415760517 0.039713789 0.908606529 -0.020672830
0.903814077 0.092745565 -0.417754143 0.004780509 -0.101118661 0.994871974 0.002100617 0.000028837 0.415806681 0.040344175 0.908557594 -0.020739937
0.903273642 0.094855733 -0.418448508 0.004927371 -0.102961406 0.994680107 0.003223322 -0.000241172 0.416528165 0.040172514 0.908234775 -0.020715220
0.903121531 0.095097952 -0.418721735 0.004922888 -0.103246696 0.994650602 0.003211955 -0.000193098 0.416787177 0.040330846 0.908108890 -0.020785939
0.903723717 0.095313743 -0.417371482 0.004704949 -0.102662027 0.994704187 0.004866029 -0.000054593 0.415624946 0.038450647 0.908722878 -0.020910457
0.902459443 0.098502226 -0.419361711 0.004928845 -0.106775105 0.994275987 0.003763325 -0.000181603 0.417332023 0.041381154 0.907811403 -0.020741932
0.902435303 0.098031998 -0.419523805 0.004928257 -0.106003352 0.994356334 0.004332428 -0.000208794 0.417580873 0.040561210 0.907733977 -0.020676974
0.902330101 0.097556606 -0.419860840 0.004940839 -0.105235651 0.994435251 0.004897855 -0.000221261 0.418002158 0.039764863 0.907575250 -0.020717625
0.902128458 0.096678227 -0.420496821 0.004955716 -0.104382366 0.994526088 0.004715207 -0.000195474 0.418650925 0.039638717 0.907281816 -0.020682603
0.901972651 0.098372251 -0.420438021 0.004930563 -0.106041059 0.994348407 0.005161595 -0.000205053 0.418569624 0.039928079 0.907306552 -0.020655675
0.902151465 0.098805346 -0.419952571 0.004894059 -0.106544629 0.994295120 0.005053660 -0.000241548 0.418056101 0.040184516 0.907531977 -0.020719392
0.901947916 0.099399254 -0.420249581 0.004917657 -0.106939986 0.994249344 0.005647478 -0.000263751 0.418394238 0.039847750 0.907391071 -0.020563301
0.902141154 0.099384040 -0.419838279 0.004945559 -0.107180208 0.994226813 0.005046227 -0.000163743 0.417915940 0.040445946 0.907585025 -0.020641293
0.902376533 0.099319249 -0.419347316 0.004912781 -0.107080258 0.994237542 0.005055912 -0.000181948 0.417433053 0.040341493 0.907811761 -0.020703403
0.902770936 0.099462964 -0.418463498 0.004903688 -0.106953114 0.994248390 0.005584084 -0.000177339 0.416612118 0.039714824 0.908216476 -0.020747399
0.902879536 0.101188444 -0.417815059 0.004879516 -0.108743191 0.994053245 0.005755369 -0.000140209 0.415912867 0.040238157 0.908513844 -0.020527959
0.903312027 0.101944976 -0.416694850 0.004882861 -0.109339543 0.993985415 0.006153389 -0.000158784 0.414816022 0.040002804 0.909025550 -0.020695496
0.903423727 0.102349296 -0.416353554 0.004849877 -0.109608248 0.993953586 0.006503541 -0.000143542 0.414501697 0.039760321 0.909179568 -0.020559188
0.903886139 0.102336429 -0.415352017 0.004812646 -0.109355561 0.993978560 0.006922486 -0.000173115 0.413559467 0.039163914 0.909634471 -0.020475863
0.904251754 0.102862880 -0.414424807 0.004779221 -0.109814040 0.993926883 0.007090854 -0.000147887 0.412637293 0.039097741 0.910055995 -0.020345505
0.904487908 0.103315055 -0.413796633 0.004752340 -0.110119700 0.993890405 0.007447869 -0.000158454 0.412037969 0.038830657 0.910338879 -0.020184418
0.904894948 0.104793437 -0.412533045 0.004681793 -0.111275300 0.993754447 0.008354445 -0.000236344 0.410832047 0.038344841 0.910904348 -0.020181909
0.905668259 0.106113799 -0.410493523 0.004676360 -0.112584293 0.993606150 0.008456392 -0.000171930 0.408766240 0.038556442 0.911824346 -0.019996403
0.906172216 0.106793180 -0.409203172 0.004682246 -0.113174208 0.993537307 0.008669768 -0.000168238 0.407484412 0.038454931 0.912402093 -0.020053599
0.906711400 0.108310960 -0.407606810 0.004602083 -0.114879929 0.993343830 0.008407823 -0.000242814 0.405804396 0.039202366 0.913118839 -0.019896034
0.907669723 0.107330121 -0.405728847 0.004559347 -0.113806382 0.993469059 0.008208780 -0.000194382 0.403960109 0.038723666 0.913956642 -0.019897824
0.909350514 0.106758893 -0.402099490 0.004501869 -0.113336772 0.993528545 0.007473642 -0.000251846 0.400295228 0.038776502 0.915565491 -0.019759098
0.909895718 0.110688195 -0.399797261 0.004465635 -0.117420562 0.993052363 0.007700673 -0.000131722 0.397872001 0.039937608 0.916571319 -0.019470342
0.910893321 0.110077851 -0.397688299 0.004484617 -0.116457991 0.993161976 0.008157980 -0.000272281 0.395866930 0.038882941 0.917484343 -0.019731246
0.912159622 0.110940918 -0.394533515 0.004398137 -0.117323563 0.993061602 0.007992554 -0.000296708 0.392682821 0.038997605 0.918846786 -0.019610565
0.913668215 0.110619418 -0.391118646 0.004271002 -0.117025904 0.993100584 0.007499856 -0.000249558 0.389249802 0.038918644 0.920309722 -0.019163411
0.916264176 0.112020895 -0.384592235 0.004177823 -0.118129760 0.992967665 0.007787605 -0.000273313 0.382759988 0.038296286 0.923053801 -0.019005341
0.916802764 0.112415269 -0.383191317 0.004240843 -0.118451364 0.992928505 0.007891066 -0.000303475 0.381368697 0.038154982 0.923635304 -0.018923294
0.918012738 0.112572208 -0.380237132 0.004212232 -0.118754767 0.992897272 0.007243432 -0.000227113 0.378351718 0.038505424 0.924860597 -0.019193728
0.918835580 0.110415146 -0.378879726 0.004125106 -0.116258763 0.993190587 0.007497402 -0.000265896 0.377127618 0.037159208 0.925415635 -0.018879469
0.919618726 0.109738879 -0.377172023 0.004118245 -0.115546174 0.993275523 0.007271168 -0.000257308 0.375433654 0.036894087 0.926114678 -0.018878557
0.921204507 0.107203603 -0.374018312 0.004112335 -0.112776957 0.993595541 0.007022114 -0.000269572 0.372375727 0.035711840 0.927394569 -0.018509720
0.922833562 0.103973716 -0.370901495 0.004044438 -0.109299943 0.993986368 0.006693938 -0.000285125 0.369366974 0.034362141 0.928647935 -0.018434195
0.923828781 0.105118483 -0.368091136 0.004081555 -0.110663570 0.993839443 0.006076549 -0.000196267 0.366462141 0.035120603 0.929769814 -0.018354215
0.924985409 0.103342801 -0.365680754 0.003960866 -0.108521402 0.994073451 0.006425322 -0.000233073 0.364177555 0.033740859 0.930718005 -0.018057281
0.926448584 0.101585887 -0.362454683 0.003870543 -0.106238052 0.994315207 0.007129978 -0.000243728 0.361118495 0.031900920 0.931973994 -0.017875131
0.929047346 0.102202013 -0.355564177 0.003763629 -0.106688134 0.994267762 0.007025049 -0.000131071 0.354243964 0.031407878 0.934625387 -0.017586749
0.930533290 0.100196615 -0.352233648 0.003747223 -0.104122534 0.994533658 0.007834099 -0.000155361 0.351093173 0.029385570 0.935879230 -0.017442938
0.931826055 0.100718759 -0.348649204 0.003645230 -0.104326241 0.994507253 0.008465877 -0.000067704 0.347586751 0.028484544 0.937214971 -0.017122496
0.932903409 0.100760587 -0.345743626 0.003615388 -0.103837870 0.994547307 0.009661736 -0.000095321 0.344831973 0.026887819 0.938279152 -0.016779192
0.934641421 0.101060607 -0.340928555 0.003474271 -0.103638723 0.994557500 0.010693006 -0.000135841 0.340153694 0.025339270 0.940028369 -0.016600585
0.935361683 0.105032519 -0.337738007 0.003459502 -0.107436381 0.994144022 0.011623224 -0.000038594 0.336981028 0.025413424 0.941168308 -0.016270518
0.937361002 0.106002413 -0.331840098 0.003388528 -0.107973173 0.994074583 0.012549629 -0.000117011 0.331204116 0.024066297 0.943252087 -0.016475802
0.939577520 0.110854283 -0.323891342 0.003256736 -0.111974902 0.993594229 0.015236896 0.000028548 0.323505670 0.021951456 0.945971608 -0.015783535
0.941062331 0.112406611 -0.319008559 0.003153544 -0.113167413 0.993443608 0.016212884 0.000074976 0.318739414 0.020844037 0.947613060 -0.015491304
0.942342818 0.113593459 -0.314780086 0.003120673 -0.113889433 0.993339062 0.017516728 0.000087173 0.314673126 0.019343363 0.949002981 -0.015431105
0.945044875 0.118182771 -0.304833174 0.002911661 -0.117364869 0.992865086 0.021075420 0.000069545 0.305148989 0.015859485 0.952172518 -0.014713959
0.946531951 0.119974129 -0.299472123 0.002877667 -0.118605785 0.992679417 0.022812391 0.000086028 0.300016642 0.013926461 0.953832388 -0.014588003
0.948242843 0.120629683 -0.293741107 0.002769561 -0.118942462 0.992618978 0.023670357 0.000105966 0.294428349 0.012493039 0.955591917 -0.014488662
0.949155509 0.121544242 -0.290397465 0.002745638 -0.119504534 0.992523432 0.024818130 0.000120535 0.291242778 0.011147539 0.956584394 -0.014099196
0.951682329 0.126089409 -0.280004472 0.002556476 -0.123710878 0.991971791 0.026226947 0.000108633 0.281063408 0.009679883 0.959640563 -0.013826707
0.953887284 0.129004851 -0.271029800 0.002514148 -0.126676604 0.991599381 0.026144596 0.000058656 0.272125840 0.009394140 0.962215841 -0.013580525
0.955210388 0.128400549 -0.266620904 0.002391923 -0.126157179 0.991679847 0.025600351 0.000122917 0.267689705 0.009182416 0.963461399 -0.013271479
0.956142664 0.126429692 -0.264209628 0.002375981 -0.124276683 0.991934776 0.024918716 0.000101764 0.265229166 0.009009245 0.964143395 -0.013038631
0.957661748 0.130084738 -0.256830633 0.002241634 -0.128015772 0.991461098 0.024834165 0.000154106 0.257868141 0.009095642 0.966137290 -0.012597432
0.958310664 0.134150848 -0.252278864 0.002224404 -0.132331491 0.990909040 0.024245432 0.000161469 0.253237933 0.010149784 0.967351019 -0.012730402
0.961004734 0.129765749 -0.244194046 0.002071686 -0.128078237 0.991500914 0.022846809 0.000191821 0.245083347 0.009320058 0.969457269 -0.012127294
0.962346613 0.130151793 -0.238641709 0.002037982 -0.128593251 0.991449952 0.022157583 0.000155853 0.239485189 0.009364439 0.970854998 -0.012083828
0.965015352 0.128627762 -0.228473559 0.001876114 -0.127323672 0.991649330 0.020502709 0.000252315 0.229202896 0.009304666 0.973334193 -0.011363320
0.966152072 0.128822714 -0.223505512 0.001903986 -0.127606809 0.991624415 0.019937530 0.000314642 0.224201888 0.009258145 0.974498808 -0.011033584
0.968880296 0.127421781 -0.212213472 0.001711727 -0.126031592 0.991822124 0.020122144 0.000182854 0.213042006 0.007249654 0.977016091 -0.010859332
0.969895244 0.130213812 -0.205785260 0.001622479 -0.129021361 0.991454720 0.019262323 0.000194447 0.206534997 0.007868261 0.978407562 -0.010859312
0.971878827 0.129490614 -0.196681768 0.001629043 -0.128691733 0.991540790 0.016892504 0.000260749 0.197205380 0.008893856 0.980321944 -0.010375462
0.972972810 0.126744106 -0.193028152 0.001615872 -0.126258627 0.991886020 0.014865699 0.000289097 0.193346024 0.009907552 0.981080651 -0.010012110
0.973988891 0.126000449 -0.188333526 0.001490239 -0.125831664 0.991967678 0.012901364 0.000307434 0.188446417 0.011132538 0.982020259 -0.009705468
0.976059675 0.122417159 -0.179782107 0.001391623 -0.122421890 0.992415965 0.011111522 0.000316494 0.179778874 0.011163762 0.983643711 -0.009247964
0.977414787 0.118300058 -0.175115272 0.001346128 -0.118178390 0.992929757 0.011160128 0.000198503 0.175197378 0.009786771 0.984484673 -0.009279777
0.978992820 0.117745213 -0.166461170 0.001181403 -0.117728494 0.992995441 0.010003153 0.000216559 0.166473031 0.009804206 0.985997260 -0.008698306
0.979719460 0.115944378 -0.163421810 0.001245490 -0.115882806 0.993213117 0.009942645 0.000131365 0.163465530 0.009196775 0.986506164 -0.008749689
0.981112301 0.113972746 -0.156296879 0.001212345 -0.114153408 0.993432045 0.007849755 0.000125176 0.156165019 0.010140331 0.987678766 -0.008425544
0.981703877 0.113770649 -0.152688116 0.001196260 -0.113941461 0.993457794 0.007659910 0.000114530 0.152560711 0.009877750 0.988244712 -0.008209266
0.983317256 0.110685863 -0.144345611 0.001158674 -0.111019902 0.993801415 0.005763944 0.000140356 0.144088924 0.010357457 0.989510417 -0.008084532
0.983775020 0.110023715 -0.141709566 0.001041061 -0.110503092 0.993865430 0.004506607 0.000259357 0.141336128 0.011225858 0.989897907 -0.007466630
0.985231042 0.105842374 -0.134600461 0.001034314 -0.106234081 0.994331896 0.004289339 0.000190312 0.134291500 0.010073165 0.990890682 -0.006917764
0.985942245 0.107079804 -0.128264979 0.000891449 -0.107406497 0.994205594 0.004387281 0.000226505 0.127991572 0.009450887 0.991730213 -0.007043263
0.987580895 0.099369213 -0.121695325 0.001007592 -0.099550806 0.995021820 0.004602253 0.000144823 0.121546835 0.007569771 0.992556810 -0.006731151
0.988618851 0.096087508 -0.115757726 0.000919972 -0.096079290 0.995357573 0.005663837 -0.000070021 0.115764566 0.005522543 0.993261278 -0.006730036
0.989302695 0.095140323 -0.110582776 0.000871527 -0.095183313 0.995447695 0.004902469 0.000018147 0.110545814 0.005675608 0.993854761 -0.006275836
0.991013348 0.089303844 -0.099586941 0.000808764 -0.089222446 0.995997727 0.005279917 -0.000081361 0.099659912 0.003652921 0.995014787 -0.006160970
0.991266310 0.092111625 -0.094374456 0.000740622 -0.092047244 0.995741844 0.005044608 -0.000004382 0.094437286 0.003686356 0.995523930 -0.005607143
0.991818726 0.090941831 -0.089583501 0.000718425 -0.090924971 0.995848536 0.004277582 0.000042810 0.089600645 0.003902792 0.995970011 -0.005505223
0.992573321 0.091427937 -0.080243446 0.000721584 -0.091249846 0.995810449 0.005891578 -0.000154245 0.080445953 0.001474377 0.996757746 -0.005441003
0.993025005 0.091983899 -0.073759079 0.000623947 -0.091787130 0.995760202 0.006060320 -0.000148713 0.074003838 0.000752085 0.997257590 -0.005288935
0.993663430 0.093578123 -0.062259227 0.000570931 -0.093453661 0.995611489 0.004914648 -0.000098500 0.062445924 0.000934847 0.998047948 -0.004761511
0.994293809 0.092131391 -0.053772017 0.000566395 -0.092129774 0.995743871 0.002514367 -0.000096234 0.053774837 0.002453983 0.998549938 -0.004326990
0.994676709 0.090898015 -0.048534937 0.000565791 -0.090917952 0.995856702 0.001801658 -0.000116613 0.048497647 0.002620629 0.998819768 -0.003992255
0.995409548 0.087979145 -0.037678082 0.000579924 -0.087986454 0.996120512 0.001468407 -0.000162046 0.037661161 0.001853494 0.999288738 -0.003592022
0.995769918 0.086520247 -0.030924994 0.000604182 -0.086528070 0.996248722 0.001088579 -0.000136730 0.030903205 0.001591905 0.999521017 -0.003255782
0.996258259 0.084516205 -0.018070577 0.000577294 -0.084546708 0.996419072 -0.000927345 -0.000107444 0.017927544 0.002451683 0.999836147 -0.002784036
0.996471882 0.083325453 -0.010049086 0.000510902 -0.083343185 0.996519983 -0.001356265 -0.000128414 0.009901175 0.002189003 0.999948502 -0.002593688
0.996757329 0.080363683 0.004080653 0.000520404 -0.080352649 0.996762395 -0.002802823 -0.000212517 -0.004292607 0.002465843 0.999987602 -0.001998696
0.996911347 0.077805810 0.010669275 0.000604895 -0.077762268 0.996962070 -0.004437296 -0.000168533 -0.010982096 0.003593921 0.999933183 -0.001752716
0.996934712 0.075821646 0.019287454 0.000571033 -0.075743966 0.997116029 -0.004728842 -0.000221438 -0.019590361 0.003253440 0.999802709 -0.001492185
0.996908128 0.069694005 0.036285382 0.000561144 -0.069569208 0.997566044 -0.004692545 -0.000322501 -0.036524083 0.002153693 0.999330342 -0.000837474
0.996661544 0.068322495 0.044693336 0.000506188 -0.068155609 0.997660995 -0.005249601 -0.000264143 -0.044947445 0.002185974 0.998986840 -0.000890317
0.996101201 0.065973081 0.058565915 0.000561674 -0.065775245 0.997820437 -0.005301940 -0.000338576 -0.058788002 0.001429082 0.998269320 -0.000355468
0.995018363 0.066425316 0.074337564 0.000533884 -0.066206433 0.997791290 -0.005407317 -0.000363110 -0.074532568 0.000458754 0.997218430 0.000148408
0.994489133 0.064021476 0.083020143 0.000585778 -0.063762456 0.997948289 -0.005770252 -0.000379917 -0.083219245 0.000444884 0.996531010 0.000441809
0.992901921 0.065578647 0.099221557 0.000667614 -0.065378174 0.997846544 -0.005273894 -0.000316751 -0.099353723 -0.001250466 0.995051324 0.001091540
0.991964281 0.067841411 0.106790908 0.000704519 -0.067821003 0.997690201 -0.003827129 -0.000388525 -0.106803887 -0.003446291 0.994274139 0.001367951
0.990800083 0.063797139 0.119350418 0.000846186 -0.063899919 0.997951925 -0.002969546 -0.000437345 -0.119295456 -0.004684255 0.992847741 0.001865567
0.989962280 0.064497024 0.125756666 0.000913852 -0.064748093 0.997899473 -0.002094423 -0.000483020 -0.125627607 -0.006069104 0.992058873 0.002125361
0.988158524 0.065228760 0.138880745 0.000866765 -0.065757953 0.997835219 -0.000779485 -0.000465456 -0.138630897 -0.008362253 0.990308702 0.002298958
0.987187803 0.066984400 0.144821167 0.000889506 -0.067542106 0.997715950 -0.001067817 -0.000429166 -0.144561902 -0.008727390 0.989457250 0.002573242
0.986402512 0.066345461 0.150360703 0.000955562 -0.066989563 0.997753441 -0.000782839 -0.000407689 -0.150074840 -0.009300401 0.988630772 0.003079391
0.985103309 0.065857731 0.158852667 0.001082100 -0.066688798 0.997773767 -0.000099101 -0.000403966 -0.158505589 -0.010496066 0.987302363 0.003253353
0.983827412 0.065091729 0.166872874 0.001139013 -0.066064477 0.997815311 0.000278793 -0.000409675 -0.166490152 -0.011298654 0.985978365 0.003553022
0.983371854 0.064381696 0.169806778 0.001194692 -0.065457426 0.997855127 0.000738564 -0.000400930 -0.169394970 -0.011841399 0.985477030 0.003656055
0.982596576 0.059316650 0.176026270 0.001197013 -0.060654514 0.998156369 0.002224925 -0.000437118 -0.175569773 -0.012862994 0.984382987 0.003819782
0.982255101 0.054189932 0.179549411 0.001241823 -0.055474877 0.998457849 0.002139464 -0.000413689 -0.179156631 -0.012061984 0.983746707 0.003976474
0.981695354 0.051530264 0.183354691 0.001185806 -0.053311177 0.998566568 0.004793680 -0.000443871 -0.182844862 -0.014480792 0.983035088 0.003896862
0.981148779 0.045151390 0.187904924 0.001411290 -0.047302142 0.998856187 0.006975327 -0.000455372 -0.187375024 -0.015732132 0.982162416 0.004410887
0.980795503 0.041044373 0.190671027 0.001415958 -0.043532841 0.999012530 0.008879066 -0.000466401 -0.190118283 -0.017008996 0.981613755 0.004514645
0.979697406 0.031844720 0.197936192 0.001459308 -0.034655936 0.999341428 0.010753917 -0.000465128 -0.197463378 -0.017395254 0.980155826 0.004911073
0.978966296 0.029196586 0.201921701 0.001563938 -0.032186214 0.999415219 0.011537529 -0.000456115 -0.201466769 -0.017793933 0.979333639 0.005083151
0.976904631 0.019268297 0.212804839 0.001688236 -0.022828568 0.999637127 0.014285428 -0.000481572 -0.212452427 -0.018813517 0.976990223 0.005574012
0.975592673 0.014691401 0.219095454 0.001690774 -0.018413043 0.999718547 0.014953936 -0.000486886 -0.218814120 -0.018623155 0.975588739 0.005841575
0.972819865 0.011557960 0.231274351 0.001649562 -0.015702680 0.999747455 0.016088367 -0.000388298 -0.231029987 -0.019282710 0.972755373 0.006076698
0.970118344 0.002039477 0.242623419 0.001649463 -0.006991255 0.999784410 0.019550102 -0.000500614 -0.242531195 -0.020662162 0.969923615 0.006369352
0.968837261 -0.003347548 0.247674972 0.001753758 -0.002238886 0.999749422 0.022270415 -0.000579213 -0.247687489 -0.022130920 0.968587220 0.006517021
0.965448678 -0.012267938 0.260304451 0.001747764 0.005640342 0.999641061 0.026192673 -0.000515514 -0.260532320 -0.023819469 0.965171278 0.006855192
0.964016378 -0.014906298 0.265424103 0.001743765 0.007376852 0.999542058 0.029342070 -0.000586138 -0.265740007 -0.026328236 0.963685095 0.006823656
0.961651325 -0.022218583 0.273373067 0.001849211 0.013703707 0.999360859 0.033017848 -0.000686580 -0.273931950 -0.028005432 0.961341143 0.007333892
0.960620761 -0.025517344 0.276688814 0.001832190 0.016967649 0.999303102 0.033250649 -0.000617906 -0.277344435 -0.027246499 0.960384130 0.007372263
0.958406031 -0.034637447 0.283298045 0.001963086 0.025313146 0.999012709 0.036509257 -0.000636473 -0.284282953 -0.027819552 0.958336711 0.007610398
0.955462694 -0.041502740 0.292178690 0.002140852 0.031042323 0.998703361 0.040349130 -0.000622104 -0.293474466 -0.029482190 0.955512166 0.007995955
0.954235137 -0.047409013 0.295275539 0.002185084 0.036835004 0.998468697 0.041273974 -0.000559169 -0.296780050 -0.028508605 0.954520166 0.008119513
0.952341795 -0.050392509 0.300841272 0.002139309 0.039199341 0.998300254 0.043131363 -0.000580390 -0.302503347 -0.029283037 0.952698231 0.008184100
0.948423743 -0.058569692 0.311547339 0.002376013 0.046496008 0.997856736 0.046048429 -0.000483945 -0.313576579 -0.029187741 0.949114203 0.008752245
0.946253181 -0.062141165 0.317400753 0.002531820 0.049782511 0.997657955 0.046908423 -0.000368112 -0.319572359 -0.028586246 0.947130561 0.009026174
0.943647385 -0.062758937 0.324947298 0.002408984 0.049564101 0.997581244 0.048734426 -0.000440178 -0.327219903 -0.029882384 0.944475472 0.008998247
0.941138744 -0.065439656 0.331625521 0.002769989 0.052009251 0.997432828 0.049223345 -0.000342313 -0.333995312 -0.029078396 0.942126095 0.009560044
0.935644209 -0.062638082 0.347341686 0.002885147 0.047892898 0.997555614 0.050884366 -0.000297555 -0.349679917 -0.030974455 0.936357021 0.009998004
0.932905495 -0.064372487 0.354321122 0.003093555 0.049396507 0.997467995 0.051160544 -0.000263601 -0.356717318 -0.030225737 0.933723271 0.010354600
0.927567840 -0.060028762 0.368801296 0.003422284 0.044280060 0.997715116 0.051027071 -0.000159785 -0.371021748 -0.031000525 0.928106546 0.011072203
0.924675226 -0.054572791 0.376825392 0.003530238 0.038133081 0.997972667 0.050955784 -0.000125247 -0.378842145 -0.032748051 0.924881637 0.011404197
0.921414971 -0.051489331 0.385153502 0.003551128 0.035477817 0.998189569 0.048568454 -0.000084795 -0.386956960 -0.031087307 0.921573579 0.011466870
0.917924702 -0.050349336 0.393546939 0.003775039 0.033793546 0.998232305 0.048889741 -0.000072520 -0.395312786 -0.031577755 0.918003619 0.011970748
0.915209234 -0.045313183 0.400422990 0.003796173 0.028470950 0.998445570 0.047914036 -0.000089024 -0.401971757 -0.032450948 0.915076852 0.011952395
0.912377536 -0.042357821 0.407152116 0.003816967 0.025714315 0.998598158 0.046265922 -0.000016321 -0.408541113 -0.031742360 0.912187755 0.012150679
0.908996940 -0.041530058 0.414728492 0.003943045 0.024592455 0.998634040 0.046099730 0.000014145 -0.416076452 -0.031705342 0.908776700 0.012350993
0.906075358 -0.040175281 0.421204597 0.004186683 0.021371119 0.998556912 0.049271673 0.000141537 -0.422576159 -0.035642236 0.905626297 0.012819345
0.904414713 -0.040935755 0.424686164 0.004240708 0.021462722 0.998491526 0.050538011 0.000150248 -0.426114291 -0.036592402 0.903928995 0.012930513
0.901361644 -0.049238071 0.430258900 0.004421082 0.028631421 0.998117387 0.054242011 0.000167805 -0.432119608 -0.036572747 0.901074469 0.013123928
0.899517953 -0.051638726 0.433821112 0.004596282 0.030429320 0.997983873 0.055697881 0.000245836 -0.435822695 -0.036900379 0.899275780 0.013445197
0.898009539 -0.054720681 0.436560005 0.004624496 0.032498918 0.997774899 0.058215566 0.000226063 -0.438774168 -0.038090389 0.897789717 0.013458607
0.896337509 -0.059416167 0.439373225 0.004703855 0.036533032 0.997507751 0.060363594 0.000229022 -0.441864699 -0.038054518 0.896274209 0.013514619
0.894271731 -0.062075842 0.443198085 0.004755882 0.038685810 0.997348845 0.061633103 0.000269064 -0.445849001 -0.037971284 0.894302428 0.013709746
0.892212093 -0.066341057 0.446717024 0.004766312 0.042291142 0.997078359 0.063607514 0.000292468 -0.449631751 -0.037859235 0.892411232 0.013910272
0.888537526 -0.071879454 0.453138143 0.004919204 0.047049984 0.996719718 0.065847464 0.000334710 -0.456384987 -0.037187807 0.889004946 0.014172269
